100
0 1 9
0 2 7
0 3 8
0 4 1
0 5 5
0 6 6
0 7 4
0 8 7
0 9 8
0 10 4
0 11 10
0 12 7
0 13 10
0 14 3
1 2 2
1 3 2
1 4 3
1 5 3
1 6 4
1 7 9
1 8 3
1 9 9
1 10 2
1 11 5
1 12 5
1 13 9
1 14 10
2 3 1
2 4 5
2 5 4
2 6 4
2 7 9
2 8 1
2 9 4
2 10 8
2 11 10
2 12 8
2 13 9
2 14 4
3 4 6
3 5 3
3 6 6
3 7 1
3 8 1
3 9 5
3 10 8
3 11 4
3 12 1
3 13 7
3 14 5
4 5 8
4 6 1
4 7 7
4 8 2
4 9 3
4 10 2
4 11 7
4 12 9
4 13 3
4 14 5
5 6 6
5 7 7
5 8 6
5 9 10
5 10 4
5 11 1
5 12 10
5 13 5
5 14 4
6 7 3
6 8 10
6 9 1
6 10 4
6 11 8
6 12 9
6 13 9
6 14 3
7 8 6
7 9 6
7 10 4
7 11 5
7 12 7
7 13 6
7 14 5
8 9 3
8 10 6
8 11 4
8 12 6
8 13 4
8 14 2
9 10 7
9 11 3
9 12 3
9 13 1
9 14 3
10 11 4
10 12 5
10 13 9
10 14 9
11 12 6