1000
0 1 10
0 2 2
0 3 2
0 4 5
0 5 6
0 6 4
0 7 10
0 8 8
0 9 7
0 10 6
0 11 7
0 12 3
0 13 4
0 14 3
0 15 5
0 16 3
0 17 2
0 18 8
0 19 1
0 20 4
0 21 8
0 22 6
0 23 2
0 24 5
0 25 3
0 26 2
0 27 4
0 28 9
0 29 1
0 30 6
0 31 6
0 32 10
0 33 4
0 34 9
0 35 5
0 36 10
0 37 4
0 38 9
0 39 10
0 40 9
0 41 3
0 42 3
0 43 9
0 44 6
0 45 6
0 46 10
0 47 1
0 48 6
0 49 8
1 2 7
1 3 9
1 4 6
1 5 10
1 6 10
1 7 10
1 8 8
1 9 9
1 10 10
1 11 7
1 12 10
1 13 5
1 14 8
1 15 6
1 16 5
1 17 3
1 18 1
1 19 4
1 20 4
1 21 5
1 22 2
1 23 8
1 24 5
1 25 9
1 26 4
1 27 6
1 28 2
1 29 5
1 30 6
1 31 6
1 32 4
1 33 2
1 34 9
1 35 10
1 36 10
1 37 1
1 38 1
1 39 5
1 40 1
1 41 7
1 42 7
1 43 5
1 44 8
1 45 7
1 46 6
1 47 3
1 48 5
1 49 6
2 3 1
2 4 9
2 5 7
2 6 3
2 7 10
2 8 3
2 9 6
2 10 5
2 11 1
2 12 6
2 13 2
2 14 6
2 15 4
2 16 5
2 17 10
2 18 7
2 19 4
2 20 3
2 21 9
2 22 3
2 23 2
2 24 9
2 25 7
2 26 5
2 27 5
2 28 10
2 29 6
2 30 5
2 31 6
2 32 9
2 33 5
2 34 9
2 35 6
2 36 10
2 37 6
2 38 10
2 39 5
2 40 8
2 41 3
2 42 7
2 43 8
2 44 4
2 45 6
2 46 9
2 47 10
2 48 8
2 49 2
3 4 4
3 5 6
3 6 4
3 7 2
3 8 8
3 9 5
3 10 2
3 11 1
3 12 2
3 13 8
3 14 8
3 15 3
3 16 2
3 17 1
3 18 9
3 19 8
3 20 5
3 21 5
3 22 9
3 23 3
3 24 3
3 25 10
3 26 8
3 27 9
3 28 9
3 29 3
3 30 4
3 31 5
3 32 1
3 33 10
3 34 2
3 35 8
3 36 8
3 37 9
3 38 4
3 39 2
3 40 3
3 41 2
3 42 6
3 43 5
3 44 6
3 45 6
3 46 1
3 47 3
3 48 3
3 49 8
4 5 7
4 6 8
4 7 6
4 8 10
4 9 3
4 10 10
4 11 9
4 12 7
4 13 7
4 14 10
4 15 4
4 16 2
4 17 4
4 18 3
4 19 2
4 20 10
4 21 3
4 22 8
4 23 5
4 24 2
4 25 4
4 26 9
4 27 10
4 28 10
4 29 6
4 30 9
4 31 7
4 32 3
4 33 2
4 34 1
4 35 4
4 36 8
4 37 2
4 38 9
4 39 10
4 40 1
4 41 3
4 42 10
4 43 7
4 44 7
4 45 6
4 46 8
4 47 7
4 48 7
4 49 3
5 6 2
5 7 8
5 8 2
5 9 5
5 10 4
5 11 7
5 12 7
5 13 1
5 14 6
5 15 1
5 16 10
5 17 3
5 18 4
5 19 2
5 20 8
5 21 4
5 22 8
5 23 10
5 24 5
5 25 5
5 26 3
5 27 10
5 28 5
5 29 9
5 30 10
5 31 3
5 32 4
5 33 3
5 34 8
5 35 8
5 36 1
5 37 9
5 38 9
5 39 10
5 40 3
5 41 5
5 42 10
5 43 8
5 44 7
5 45 3
5 46 6
5 47 3
5 48 3
5 49 5
6 7 6
6 8 7
6 9 5
6 10 8
6 11 2
6 12 4
6 13 2
6 14 2
6 15 4
6 16 2
6 17 2
6 18 8
6 19 5
6 20 5
6 21 5
6 22 3
6 23 3
6 24 3
6 25 7
6 26 5
6 27 5
6 28 4
6 29 9
6 30 3
6 31 7
6 32 9
6 33 8
6 34 6
6 35 9
6 36 8
6 37 7
6 38 2
6 39 3
6 40 5
6 41 4
6 42 7
6 43 4
6 44 10
6 45 4
6 46 5
6 47 10
6 48 10
6 49 1
7 8 10
7 9 4
7 10 8
7 11 6
7 12 6
7 13 9
7 14 8
7 15 1
7 16 10
7 17 4
7 18 10
7 19 3
7 20 6
7 21 5
7 22 1
7 23 2
7 24 10
7 25 1
7 26 1
7 27 8
7 28 6
7 29 8
7 30 1
7 31 1
7 32 5
7 33 3
7 34 1
7 35 3
7 36 4
7 37 4
7 38 4
7 39 8
7 40 6
7 41 8
7 42 4
7 43 9
7 44 2
7 45 2
7 46 6
7 47 1
7 48 4
7 49 7
8 9 8
8 10 2
8 11 5
8 12 10
8 13 2
8 14 7
8 15 3
8 16 2
8 17 3
8 18 3
8 19 5
8 20 2
8 21 6
8 22 4
8 23 5
8 24 8
8 25 8
8 26 6
8 27 6
8 28 10
8 29 1
8 30 10
8 31 7
8 32 8
8 33 3
8 34 5
8 35 7
8 36 8
8 37 7
8 38 9
8 39 5
8 40 1
8 41 2
8 42 5
8 43 9
8 44 1
8 45 4
8 46 9
8 47 7
8 48 5
8 49 1
9 10 2
9 11 9
9 12 4
9 13 10
9 14 5
9 15 1
9 16 1
9 17 4
9 18 9
9 19 4
9 20 3
9 21 10
9 22 1
9 23 10
9 24 7
9 25 5
9 26 10
9 27 9
9 28 9
9 29 10
9 30 1
9 31 8
9 32 6
9 33 5
9 34 6
9 35 9
9 36 4
9 37 5
9 38 9
9 39 4
9 40 3
9 41 7
9 42 5
9 43 9
9 44 8
9 45 9
9 46 10
9 47 6
9 48 4
9 49 10
10 11 2
10 12 7
10 13 8
10 14 9
10 15 3
10 16 2
10 17 7
10 18 3
10 19 2
10 20 2
10 21 10
10 22 8
10 23 8
10 24 8
10 25 5
10 26 6
10 27 4
10 28 4
10 29 9
10 30 2
10 31 7
10 32 2
10 33 5
10 34 9
10 35 10
10 36 4
10 37 7
10 38 3
10 39 8
10 40 6
10 41 5
10 42 10
10 43 7
10 44 5
10 45 7
10 46 5
10 47 6
10 48 4
10 49 2
11 12 3
11 13 1
11 14 8
11 15 9
11 16 8
11 17 5
11 18 3
11 19 3
11 20 1
11 21 5
11 22 5
11 23 2
11 24 2
11 25 10
11 26 2
11 27 10
11 28 9
11 29 4
11 30 7
11 31 5
11 32 2
11 33 1
11 34 3
11 35 9
11 36 7
11 37 4
11 38 10
11 39 7
11 40 4
11 41 10
11 42 7
11 43 1
11 44 6
11 45 5
11 46 7
11 47 2
11 48 3
11 49 10
12 13 1
12 14 3
12 15 1
12 16 10
12 17 1
12 18 3
12 19 8
12 20 9
12 21 8
12 22 8
12 23 7
12 24 8
12 25 8
12 26 1
12 27 6
12 28 8
12 29 2
12 30 1
12 31 8
12 32 7
12 33 9
12 34 1
12 35 5
12 36 3
12 37 9
12 38 3
12 39 10
12 40 3
12 41 3
12 42 5
12 43 9
12 44 3
12 45 6
12 46 2
12 47 1
12 48 3
12 49 7
13 14 4
13 15 4
13 16 4
13 17 2
13 18 6
13 19 10
13 20 9
13 21 3
13 22 9
13 23 6
13 24 9
13 25 8
13 26 9
13 27 3
13 28 7
13 29 6
13 30 10
13 31 4
13 32 9
13 33 4
13 34 3
13 35 7
13 36 9
13 37 10
13 38 1
13 39 10
13 40 2
13 41 7
13 42 8
13 43 1
13 44 6
13 45 8
13 46 6
13 47 6
13 48 9
13 49 5
14 15 7
14 16 1
14 17 8
14 18 8
14 19 6
14 20 7
14 21 8
14 22 4
14 23 6
14 24 3
14 25 6
14 26 7
14 27 4
14 28 8
14 29 5
14 30 8
14 31 1
14 32 4
14 33 5
14 34 10
14 35 10
14 36 1
14 37 2
14 38 6
14 39 3
14 40 6
14 41 4
14 42 1
14 43 10
14 44 8
14 45 3
14 46 1
14 47 6
14 48 3
14 49 8
15 16 4
15 17 5
15 18 3
15 19 2
15 20 1
15 21 9
15 22 1
15 23 8
15 24 3
15 25 10
15 26 6
15 27 8
15 28 9
15 29 1
15 30 9
15 31 1
15 32 7
15 33 5
15 34 6
15 35 10
15 36 7
15 37 3
15 38 4
15 39 1
15 40 10
15 41 3
15 42 3
15 43 3
15 44 1
15 45 10
15 46 5
15 47 1
15 48 10
15 49 8
16 17 10
16 18 7
16 19 6
16 20 3
16 21 9
16 22 4
16 23 6
16 24 9
16 25 5
16 26 3
16 27 5
16 28 7
16 29 6
16 30 10
16 31 5
16 32 3
16 33 10
16 34 3
16 35 8
16 36 8
16 37 5
16 38 9
16 39 3
16 40 1
16 41 8
16 42 4
16 43 8
16 44 10
16 45 9
16 46 1
16 47 8
16 48 4
16 49 2
17 18 1
17 19 9
17 20 1
17 21 9
17 22 8
17 23 2
17 24 3
17 25 2
17 26 2
17 27 2
17 28 3
17 29 8
17 30 3
17 31 4
17 32 1
17 33 8
17 34 2
17 35 10
17 36 9
17 37 6
17 38 1
17 39 2
17 40 9
17 41 6
17 42 10
17 43 3
17 44 7
17 45 2
17 46 2
17 47 8
17 48 8
17 49 2
18 19 9
18 20 7
18 21 8
18 22 4
18 23 2
18 24 1
18 25 3
18 26 6
18 27 3
18 28 5
18 29 2
18 30 10
18 31 2
18 32 10
18 33 6
18 34 3
18 35 5
18 36 9
18 37 2
18 38 8
18 39 8
18 40 6
18 41 7
18 42 8
18 43 10
18 44 6
18 45 6
18 46 4
18 47 7
18 48 2
18 49 7
19 20 9
19 21 3
19 22 1
19 23 7
19 24 10
19 25 5
19 26 5
19 27 3
19 28 5
19 29 7
19 30 7
19 31 9
19 32 6
19 33 4
19 34 8
19 35 10
19 36 5
19 37 6
19 38 6
19 39 6
19 40 9
19 41 1
19 42 5
19 43 1
19 44 7
19 45 4
19 46 4
19 47 8
19 48 1
19 49 7
20 21 3
20 22 6
20 23 9
20 24 2
20 25 8
20 26 9
20 27 2
20 28 6
20 29 5
20 30 10
20 31 6
20 32 3
20 33 2
20 34 8
20 35 2
20 36 2
20 37 1
20 38 3
20 39 6
20 40 1
20 41 4
20 42 8
20 43 7
20 44 8
20 45 2
20 46 1
20 47 1
20 48 8
20 49 1
21 22 5
21 23 10
21 24 2
21 25 6
21 26 9
21 27 2
21 28 10
21 29 1
21 30 5
21 31 8
21 32 9
21 33 5
21 34 3
21 35 4
21 36 4
21 37 9
21 38 10
21 39 4
21 40 4
21 41 8
21 42 9
21 43 8
21 44 5
21 45 4
21 46 5
21 47 6
21 48 8
21 49 8
22 23 2
22 24 10
22 25 6
22 26 4
22 27 2
22 28 6
22 29 6
22 30 8
22 31 2
22 32 8
22 33 4
22 34 8
22 35 10
22 36 1
22 37 2
22 38 7
22 39 1
22 40 1
22 41 10
22 42 2
22 43 7
22 44 9
22 45 5
22 46 8
22 47 5
22 48 2
22 49 6
23 24 5
23 25 5
23 26 1
23 27 1
23 28 1
23 29 8
23 30 1
23 31 5
23 32 2
23 33 10
23 34 1
23 35 4
23 36 9
23 37 7
23 38 6
23 39 3
23 40 1
23 41 9
23 42 3
23 43 4
23 44 7
23 45 8
23 46 9
23 47 5
23 48 9
23 49 6
24 25 7
24 26 3
24 27 3
24 28 4
24 29 5
24 30 6
24 31 7
24 32 1
24 33 7
24 34 6
24 35 9
24 36 4
24 37 3
24 38 6
24 39 7
24 40 2
24 41 8
24 42 7
24 43 3
24 44 10
24 45 7
24 46 9
24 47 4
24 48 1
24 49 8
25 26 9
25 27 8
25 28 2
25 29 5
25 30 5
25 31 3
25 32 1
25 33 5
25 34 1
25 35 9
25 36 9
25 37 5
25 38 8
25 39 10
25 40 6
25 41 6
25 42 10
25 43 3
25 44 6
25 45 8
25 46 6
25 47 7
25 48 10
25 49 6
26 27 9
26 28 5
26 29 5
26 30 7
26 31 8
26 32 7
26 33 5
26 34 3
26 35 4
26 36 8
26 37 10
26 38 4
26 39 6
26 40 2
26 41 10
26 42 2
26 43 1
26 44 9
26 45 9
26 46 7
26 47 6
26 48 10
26 49 4
27 28 4
27 29 7
27 30 10
27 31 3
27 32 6
27 33 3
27 34 8
27 35 5
27 36 9
27 37 7
27 38 5
27 39 6
27 40 6
27 41 2
27 42 7
27 43 7
27 44 5
27 45 8
27 46 8
27 47 10
27 48 4
27 49 4
28 29 8
28 30 2
28 31 3
28 32 2
28 33 7
28 34 10