4000
0 1 6
0 2 5
0 3 9
0 4 8
0 5 4
0 6 6
0 7 8
0 8 7
0 9 1
0 10 2
0 11 1
0 12 5
0 13 4
0 14 9
0 15 9
0 16 2
0 17 6
0 18 1
0 19 8
0 20 3
0 21 9
0 22 6
0 23 5
0 24 5
0 25 9
0 26 6
0 27 4
0 28 4
0 29 2
0 30 8
0 31 9
0 32 2
0 33 5
0 34 4
0 35 9
0 36 3
0 37 4
0 38 5
0 39 1
0 40 2
0 41 3
0 42 8
0 43 4
0 44 8
0 45 1
0 46 7
0 47 2
0 48 1
0 49 7
0 50 6
0 51 6
0 52 3
0 53 5
0 54 6
0 55 1
0 56 6
0 57 7
0 58 4
0 59 9
0 60 4
0 61 9
0 62 4
0 63 10
0 64 4
0 65 4
0 66 3
0 67 7
0 68 1
0 69 5
0 70 6
0 71 2
0 72 10
0 73 3
0 74 8
0 75 2
0 76 3
0 77 3
0 78 10
0 79 10
0 80 7
0 81 10
0 82 2
0 83 2
0 84 8
0 85 4
0 86 8
0 87 2
0 88 8
0 89 9
0 90 4
0 91 5
0 92 1
0 93 8
0 94 1
0 95 8
0 96 8
0 97 5
0 98 1
0 99 8
1 2 8
1 3 10
1 4 2
1 5 5
1 6 4
1 7 2
1 8 9
1 9 10
1 10 6
1 11 3
1 12 1
1 13 5
1 14 4
1 15 6
1 16 6
1 17 8
1 18 3
1 19 9
1 20 7
1 21 6
1 22 3
1 23 2
1 24 3
1 25 8
1 26 9
1 27 1
1 28 10
1 29 7
1 30 10
1 31 2
1 32 8
1 33 4
1 34 9
1 35 1
1 36 1
1 37 9
1 38 6
1 39 8
1 40 7
1 41 8
1 42 10
1 43 10
1 44 8
1 45 7
1 46 6
1 47 9
1 48 7
1 49 9
1 50 3
1 51 7
1 52 3
1 53 6
1 54 10
1 55 6
1 56 1
1 57 2
1 58 9
1 59 4
1 60 2
1 61 9
1 62 9
1 63 7
1 64 7
1 65 7
1 66 7
1 67 6
1 68 2
1 69 4
1 70 10
1 71 6
1 72 2
1 73 2
1 74 8
1 75 5
1 76 1
1 77 6
1 78 2
1 79 1
1 80 3
1 81 6
1 82 4
1 83 5
1 84 9
1 85 1
1 86 6
1 87 5
1 88 8
1 89 3
1 90 2
1 91 2
1 92 8
1 93 6
1 94 2
1 95 2
1 96 9
1 97 9
1 98 8
1 99 6
2 3 2
2 4 5
2 5 7
2 6 7
2 7 4
2 8 4
2 9 3
2 10 9
2 11 4
2 12 3
2 13 8
2 14 8
2 15 5
2 16 5
2 17 6
2 18 1
2 19 8
2 20 1
2 21 3
2 22 2
2 23 6
2 24 3
2 25 5
2 26 6
2 27 1
2 28 4
2 29 6
2 30 8
2 31 2
2 32 2
2 33 1
2 34 9
2 35 6
2 36 9
2 37 8
2 38 4
2 39 7
2 40 1
2 41 1
2 42 8
2 43 2
2 44 9
2 45 7
2 46 9
2 47 9
2 48 7
2 49 7
2 50 2
2 51 10
2 52 4
2 53 1
2 54 1
2 55 7
2 56 8
2 57 7
2 58 8
2 59 10
2 60 7
2 61 10
2 62 3
2 63 4
2 64 9
2 65 2
2 66 6
2 67 2
2 68 1
2 69 9
2 70 6
2 71 9
2 72 4
2 73 6
2 74 8
2 75 3
2 76 10
2 77 9
2 78 3
2 79 8
2 80 6
2 81 7
2 82 3
2 83 7
2 84 5
2 85 4
2 86 7
2 87 5
2 88 8
2 89 8
2 90 3
2 91 6
2 92 6
2 93 4
2 94 1
2 95 6
2 96 9
2 97 9
2 98 5
2 99 10
3 4 9
3 5 8
3 6 8
3 7 7
3 8 7
3 9 5
3 10 9
3 11 1
3 12 2
3 13 4
3 14 8
3 15 9
3 16 2
3 17 9
3 18 8
3 19 10
3 20 3
3 21 7
3 22 2
3 23 6
3 24 8
3 25 10
3 26 6
3 27 3
3 28 3
3 29 1
3 30 7
3 31 3
3 32 5
3 33 2
3 34 4
3 35 7
3 36 9
3 37 2
3 38 10
3 39 7
3 40 4
3 41 5
3 42 5
3 43 8
3 44 10
3 45 7
3 46 3
3 47 3
3 48 2
3 49 6
3 50 8
3 51 5
3 52 10
3 53 1
3 54 3
3 55 5
3 56 2
3 57 4
3 58 2
3 59 1
3 60 1
3 61 2
3 62 4
3 63 8
3 64 6
3 65 2
3 66 2
3 67 5
3 68 1
3 69 3
3 70 1
3 71 5
3 72 9
3 73 1
3 74 6
3 75 4
3 76 6
3 77 9
3 78 10
3 79 4
3 80 7
3 81 8
3 82 1
3 83 10
3 84 10
3 85 7
3 86 9
3 87 1
3 88 3
3 89 2
3 90 10
3 91 9
3 92 8
3 93 4
3 94 7
3 95 6
3 96 1
3 97 8
3 98 1
3 99 3
4 5 7
4 6 6
4 7 9
4 8 3
4 9 4
4 10 6
4 11 5
4 12 2
4 13 3
4 14 3
4 15 10
4 16 1
4 17 9
4 18 10
4 19 6
4 20 9
4 21 5
4 22 5
4 23 6
4 24 6
4 25 6
4 26 7
4 27 1
4 28 7
4 29 2
4 30 1
4 31 10
4 32 3
4 33 7
4 34 1
4 35 8
4 36 8
4 37 6
4 38 1
4 39 10
4 40 5
4 41 1
4 42 3
4 43 6
4 44 8
4 45 10
4 46 9
4 47 2
4 48 10
4 49 4
4 50 9
4 51 7
4 52 7
4 53 5
4 54 10
4 55 3
4 56 1
4 57 4
4 58 7
4 59 3
4 60 4
4 61 7
4 62 1
4 63 9
4 64 4
4 65 2
4 66 5
4 67 3
4 68 4
4 69 9
4 70 1
4 71 8
4 72 3
4 73 3
4 74 8
4 75 9
4 76 3
4 77 7
4 78 6
4 79 6
4 80 2
4 81 5
4 82 5
4 83 7
4 84 8
4 85 2
4 86 8
4 87 10
4 88 9
4 89 7
4 90 1
4 91 1
4 92 10
4 93 9
4 94 3
4 95 7
4 96 2
4 97 8
4 98 1
4 99 6
5 6 2
5 7 8
5 8 10
5 9 3
5 10 8
5 11 2
5 12 1
5 13 1
5 14 3
5 15 2
5 16 4
5 17 6
5 18 3
5 19 7
5 20 5
5 21 6
5 22 2
5 23 9
5 24 8
5 25 2
5 26 5
5 27 4
5 28 1
5 29 7
5 30 5
5 31 8
5 32 8
5 33 2
5 34 10
5 35 5
5 36 6
5 37 4
5 38 7
5 39 6
5 40 2
5 41 1
5 42 10
5 43 5
5 44 2
5 45 2
5 46 6
5 47 5
5 48 7
5 49 2
5 50 2
5 51 8
5 52 9
5 53 5
5 54 1
5 55 5
5 56 8
5 57 5
5 58 7
5 59 4
5 60 1
5 61 5
5 62 5
5 63 2
5 64 8
5 65 2
5 66 7
5 67 5
5 68 7
5 69 8
5 70 5
5 71 6
5 72 4
5 73 10
5 74 8
5 75 3
5 76 8
5 77 1
5 78 7
5 79 6
5 80 1
5 81 5
5 82 10
5 83 7
5 84 9
5 85 4
5 86 5
5 87 2
5 88 10
5 89 10
5 90 10
5 91 5
5 92 4
5 93 4
5 94 3
5 95 6
5 96 5
5 97 3
5 98 1
5 99 4
6 7 4
6 8 4
6 9 4
6 10 2
6 11 5
6 12 5
6 13 6
6 14 3
6 15 9
6 16 1
6 17 7
6 18 3
6 19 7
6 20 4
6 21 1
6 22 5
6 23 1
6 24 3
6 25 8
6 26 8
6 27 8
6 28 8
6 29 5
6 30 4
6 31 2
6 32 8
6 33 1
6 34 2
6 35 3
6 36 7
6 37 6
6 38 4
6 39 2
6 40 9
6 41 10
6 42 5
6 43 9
6 44 2
6 45 6
6 46 7
6 47 1
6 48 1
6 49 5
6 50 7
6 51 4
6 52 6
6 53 10
6 54 1
6 55 8
6 56 6
6 57 4
6 58 4
6 59 5
6 60 8
6 61 10
6 62 5
6 63 5
6 64 8
6 65 3
6 66 9
6 67 10
6 68 9
6 69 2
6 70 6
6 71 6
6 72 2
6 73 7
6 74 8
6 75 6
6 76 7
6 77 4
6 78 6
6 79 2
6 80 9
6 81 8
6 82 8
6 83 7
6 84 2
6 85 1
6 86 1
6 87 1
6 88 8
6 89 4
6 90 10
6 91 5
6 92 2
6 93 3
6 94 6
6 95 9
6 96 1
6 97 7
6 98 4
6 99 2
7 8 2
7 9 4
7 10 10
7 11 5
7 12 2
7 13 7
7 14 6
7 15 10
7 16 10
7 17 5
7 18 2
7 19 7
7 20 1
7 21 10
7 22 3
7 23 2
7 24 9
7 25 9
7 26 8
7 27 3
7 28 3
7 29 1
7 30 7
7 31 4
7 32 3
7 33 3
7 34 4
7 35 8
7 36 8
7 37 6
7 38 1
7 39 9
7 40 7
7 41 7
7 42 3
7 43 3
7 44 2
7 45 6
7 46 1
7 47 5
7 48 9
7 49 10
7 50 10
7 51 8
7 52 1
7 53 5
7 54 3
7 55 5
7 56 1
7 57 3
7 58 1
7 59 10
7 60 9
7 61 8
7 62 8
7 63 3
7 64 6
7 65 4
7 66 4
7 67 1
7 68 9
7 69 8
7 70 4
7 71 4
7 72 2
7 73 7
7 74 7
7 75 6
7 76 4
7 77 1
7 78 2
7 79 7
7 80 4
7 81 6
7 82 1
7 83 2
7 84 10
7 85 7
7 86 8
7 87 7
7 88 10
7 89 4
7 90 8
7 91 10
7 92 2
7 93 6
7 94 7
7 95 5
7 96 7
7 97 3
7 98 6
7 99 7
8 9 2
8 10 1
8 11 6
8 12 2
8 13 3
8 14 6
8 15 4
8 16 3
8 17 8
8 18 10
8 19 2
8 20 2
8 21 8
8 22 6
8 23 3
8 24 9
8 25 7
8 26 8
8 27 8
8 28 8
8 29 1
8 30 7
8 31 3
8 32 5
8 33 1
8 34 4
8 35 8
8 36 6
8 37 10
8 38 6
8 39 3
8 40 6
8 41 2
8 42 4
8 43 10
8 44 7
8 45 8
8 46 1
8 47 6
8 48 2
8 49 1
8 50 2
8 51 6
8 52 8
8 53 6
8 54 8
8 55 10
8 56 2
8 57 1
8 58 7
8 59 6
8 60 8
8 61 9
8 62 6
8 63 7
8 64 2
8 65 3
8 66 4
8 67 6
8 68 6
8 69 5
8 70 9
8 71 9
8 72 6
8 73 7
8 74 4
8 75 1
8 76 10
8 77 6
8 78 1
8 79 10
8 80 1
8 81 9
8 82 3
8 83 10
8 84 5
8 85 9
8 86 10
8 87 3
8 88 8
8 89 5
8 90 6
8 91 5
8 92 3
8 93 7
8 94 8
8 95 9
8 96 5
8 97 6
8 98 5
8 99 5
9 10 6
9 11 1
9 12 6
9 13 2
9 14 1
9 15 10
9 16 6
9 17 5
9 18 8
9 19 7
9 20 3
9 21 6
9 22 4
9 23 4
9 24 4
9 25 7
9 26 8
9 27 10
9 28 8
9 29 3
9 30 10
9 31 10
9 32 1
9 33 8
9 34 5
9 35 7
9 36 6
9 37 10
9 38 1
9 39 4
9 40 3
9 41 6
9 42 8
9 43 10
9 44 8
9 45 5
9 46 7
9 47 4
9 48 10
9 49 1
9 50 5
9 51 8
9 52 7
9 53 3
9 54 4
9 55 3
9 56 9
9 57 7
9 58 8
9 59 2
9 60 6
9 61 2
9 62 3
9 63 1
9 64 9
9 65 4
9 66 2
9 67 4
9 68 10
9 69 9
9 70 4
9 71 7
9 72 1
9 73 2
9 74 8
9 75 1
9 76 1
9 77 2
9 78 9
9 79 4
9 80 2
9 81 9
9 82 7
9 83 3
9 84 9
9 85 5
9 86 1
9 87 3
9 88 4
9 89 10
9 90 3
9 91 10
9 92 5
9 93 8
9 94 8
9 95 6
9 96 2
9 97 5
9 98 3
9 99 4
10 11 9
10 12 6
10 13 9
10 14 1
10 15 2
10 16 4
10 17 8
10 18 7
10 19 9
10 20 6
10 21 9
10 22 3
10 23 2
10 24 8
10 25 8
10 26 6
10 27 10
10 28 7
10 29 3
10 30 8
10 31 4
10 32 9
10 33 7
10 34 4
10 35 5
10 36 7
10 37 5
10 38 8
10 39 9
10 40 8
10 41 4
10 42 9
10 43 5
10 44 6
10 45 5
10 46 7
10 47 10
10 48 4
10 49 8
10 50 4
10 51 5
10 52 6
10 53 3
10 54 9
10 55 9
10 56 9
10 57 5
10 58 1
10 59 7
10 60 6
10 61 6
10 62 6
10 63 10
10 64 5
10 65 1
10 66 3
10 67 7
10 68 5
10 69 3
10 70 10
10 71 9
10 72 6
10 73 4
10 74 10
10 75 4
10 76 1
10 77 9
10 78 6
10 79 5
10 80 5
10 81 4
10 82 8
10 83 10
10 84 2
10 85 10
10 86 4
10 87 5
10 88 4
10 89 7
10 90 5
10 91 10
10 92 5
10 93 3
10 94 7
10 95 5
10 96 4
10 97 5
10 98 7
10 99 5
11 12 3
11 13 8
11 14 5
11 15 8
11 16 8
11 17 7
11 18 6
11 19 2
11 20 10
11 21 9
11 22 8
11 23 5
11 24 10
11 25 7
11 26 4
11 27 4
11 28 8
11 29 10
11 30 9
11 31 4
11 32 2
11 33 10
11 34 5
11 35 10
11 36 1
11 37 8
11 38 3
11 39 1
11 40 4
11 41 4
11 42 1
11 43 9
11 44 9
11 45 8
11 46 5
11 47 2
11 48 8
11 49 10
11 50 8
11 51 2
11 52 1
11 53 9
11 54 10
11 55 4
11 56 8
11 57 5
11 58 8
11 59 6
11 60 10
11 61 1
11 62 3
11 63 5
11 64 7
11 65 4
11 66 7
11 67 10
11 68 5
11 69 3
11 70 3
11 71 1
11 72 7
11 73 3
11 74 10
11 75 10
11 76 3
11 77 3
11 78 6
11 79 5
11 80 6
11 81 8
11 82 8
11 83 3
11 84 2
11 85 7
11 86 9
11 87 2
11 88 5
11 89 7
11 90 1
11 91 8
11 92 5
11 93 1
11 94 1
11 95 7
11 96 5
11 97 4
11 98 1
11 99 9
12 13 6
12 14 4
12 15 5
12 16 1
12 17 5
12 18 2
12 19 3
12 20 2
12 21 7
12 22 7
12 23 9
12 24 3
12 25 3
12 26 7
12 27 4
12 28 6
12 29 7
12 30 6
12 31 4
12 32 6
12 33 1
12 34 4
12 35 5
12 36 9
12 37 3
12 38 3
12 39 6
12 40 2
12 41 10
12 42 1
12 43 3
12 44 9
12 45 2
12 46 1
12 47 6
12 48 8
12 49 10
12 50 5
12 51 9
12 52 6
12 53 3
12 54 10
12 55 6
12 56 6
12 57 5
12 58 6
12 59 1
12 60 1
12 61 1
12 62 9
12 63 5
12 64 1
12 65 3
12 66 7
12 67 6
12 68 2
12 69 4
12 70 6
12 71 3
12 72 8
12 73 9
12 74 5
12 75 2
12 76 2
12 77 3
12 78 4
12 79 3
12 80 5
12 81 6
12 82 5
12 83 7
12 84 4
12 85 6
12 86 6
12 87 9
12 88 10
12 89 6
12 90 1
12 91 9
12 92 5
12 93 5
12 94 2
12 95 5
12 96 8
12 97 2
12 98 8
12 99 5
13 14 2
13 15 8
13 16 4
13 17 10
13 18 4
13 19 10
13 20 3
13 21 5
13 22 1
13 23 8
13 24 5
13 25 1
13 26 6
13 27 10
13 28 4
13 29 6
13 30 7
13 31 8
13 32 1
13 33 8
13 34 2
13 35 10
13 36 8
13 37 3
13 38 1
13 39 3
13 40 2
13 41 4
13 42 6
13 43 2
13 44 4
13 45 1
13 46 2
13 47 6
13 48 9
13 49 5
13 50 2
13 51 9
13 52 7
13 53 4
13 54 2
13 55 6
13 56 4
13 57 8
13 58 1
13 59 10
13 60 5
13 61 4
13 62 10
13 63 2
13 64 8
13 65 8
13 66 9
13 67 10
13 68 6
13 69 6
13 70 8
13 71 7
13 72 6
13 73 10
13 74 7
13 75 3
13 76 3
13 77 5
13 78 8
13 79 9
13 80 3
13 81 8
13 82 4
13 83 5
13 84 6
13 85 10
13 86 6
13 87 2
13 88 5
13 89 1
13 90 8
13 91 7
13 92 3
13 93 1
13 94 2
13 95 4
13 96 3
13 97 8
13 98 10
13 99 8
14 15 3
14 16 8
14 17 10
14 18 2
14 19 2
14 20 8
14 21 1
14 22 4
14 23 9
14 24 9
14 25 9
14 26 4
14 27 7
14 28 4
14 29 7
14 30 8
14 31 5
14 32 10
14 33 5
14 34 5
14 35 4
14 36 5
14 37 2
14 38 5
14 39 5
14 40 2
14 41 7
14 42 2
14 43 8
14 44 3
14 45 2
14 46 1
14 47 3
14 48 1
14 49 6
14 50 1
14 51 8
14 52 2
14 53 6
14 54 6
14 55 3
14 56 4
14 57 8
14 58 1
14 59 10
14 60 2
14 61 2
14 62 5
14 63 9
14 64 5
14 65 3
14 66 10
14 67 6
14 68 7
14 69 5
14 70 2
14 71 7
14 72 3
14 73 9
14 74 4
14 75 10
14 76 2
14 77 1
14 78 10
14 79 9
14 80 5
14 81 5
14 82 6
14 83 7
14 84 5
14 85 5
14 86 4
14 87 10
14 88 2
14 89 3
14 90 7
14 91 5
14 92 4
14 93 8
14 94 8
14 95 6
14 96 10
14 97 4
14 98 6
14 99 6
15 16 10
15 17 5
15 18 9
15 19 9
15 20 6
15 21 7
15 22 8
15 23 1
15 24 8
15 25 2
15 26 3
15 27 10
15 28 8
15 29 9
15 30 2
15 31 7
15 32 7
15 33 7
15 34 4
15 35 3
15 36 3
15 37 8
15 38 10
15 39 1
15 40 10
15 41 6
15 42 2
15 43 7
15 44 2
15 45 8
15 46 4
15 47 9
15 48 5
15 49 2
15 50 4
15 51 7
15 52 1
15 53 6
15 54 3
15 55 4
15 56 9
15 57 1
15 58 7
15 59 7
15 60 6
15 61 7
15 62 10
15 63 1
15 64 6
15 65 6
15 66 8
15 67 8
15 68 7
15 69 6
15 70 9
15 71 9
15 72 10
15 73 5
15 74 6
15 75 3
15 76 1
15 77 3
15 78 2
15 79 7
15 80 6
15 81 2
15 82 10
15 83 6
15 84 3
15 85 10
15 86 2
15 87 4
15 88 10
15 89 5
15 90 3
15 91 4
15 92 2
15 93 2
15 94 9
15 95 7
15 96 1
15 97 8
15 98 9
15 99 5
16 17 7
16 18 4
16 19 6
16 20 7
16 21 9
16 22 2
16 23 6
16 24 6
16 25 7
16 26 3
16 27 4
16 28 3
16 29 5
16 30 10
16 31 6
16 32 9
16 33 3
16 34 2
16 35 5
16 36 6
16 37 2
16 38 2
16 39 9
16 40 3
16 41 10
16 42 4
16 43 9
16 44 6
16 45 6
16 46 5
16 47 3
16 48 7
16 49 4
16 50 8
16 51 9
16 52 10
16 53 10
16 54 1
16 55 4
16 56 9
16 57 9
16 58 4
16 59 9
16 60 5
16 61 3
16 62 8
16 63 5
16 64 4
16 65 1
16 66 8
16 67 9
16 68 5
16 69 4
16 70 5
16 71 6
16 72 4
16 73 7
16 74 2
16 75 6
16 76 4
16 77 8
16 78 10
16 79 7
16 80 4
16 81 4
16 82 6
16 83 3
16 84 4
16 85 7
16 86 10
16 87 3
16 88 6
16 89 5
16 90 8
16 91 3
16 92 7
16 93 10
16 94 6
16 95 9
16 96 10
16 97 2
16 98 10
16 99 9
17 18 4
17 19 6
17 20 3
17 21 3
17 22 5
17 23 10
17 24 5
17 25 7
17 26 6
17 27 5
17 28 10
17 29 3
17 30 9
17 31 6
17 32 4
17 33 1
17 34 7
17 35 7
17 36 1
17 37 3
17 38 7
17 39 9
17 40 6
17 41 7
17 42 6
17 43 3
17 44 10
17 45 2
17 46 8
17 47 2
17 48 5
17 49 6
17 50 10
17 51 2
17 52 6
17 53 5
17 54 1
17 55 10
17 56 9
17 57 9
17 58 2
17 59 3
17 60 10
17 61 7
17 62 8
17 63 10
17 64 9
17 65 2
17 66 4
17 67 5
17 68 7
17 69 4
17 70 9
17 71 9
17 72 7
17 73 1
17 74 1
17 75 1
17 76 6
17 77 9
17 78 6
17 79 9
17 80 4
17 81 9
17 82 7
17 83 6
17 84 3
17 85 1
17 86 7
17 87 10
17 88 9
17 89 1
17 90 7
17 91 7
17 92 6
17 93 3
17 94 2
17 95 10
17 96 1
17 97 5
17 98 1
17 99 9
18 19 5
18 20 5
18 21 5
18 22 7
18 23 2
18 24 3
18 25 7
18 26 5
18 27 4
18 28 10
18 29 4
18 30 9
18 31 2
18 32 2
18 33 1
18 34 3
18 35 2
18 36 7
18 37 2
18 38 4
18 39 7
18 40 7
18 41 10
18 42 7
18 43 6
18 44 8
18 45 10
18 46 1
18 47 9
18 48 2
18 49 2
18 50 3
18 51 8
18 52 9
18 53 10
18 54 2
18 55 2
18 56 8
18 57 7
18 58 2
18 59 4
18 60 8
18 61 8
18 62 10
18 63 8
18 64 7
18 65 8
18 66 2
18 67 4
18 68 7
18 69 7
18 70 6
18 71 5
18 72 9
18 73 5
18 74 8
18 75 1
18 76 1
18 77 8
18 78 7
18 79 10
18 80 8
18 81 4
18 82 1
18 83 7
18 84 4
18 85 9
18 86 2
18 87 4
18 88 2
18 89 10
18 90 8
18 91 8
18 92 10
18 93 3
18 94 2
18 95 1
18 96 10
18 97 10
18 98 9
18 99 6
19 20 2
19 21 10
19 22 4
19 23 7
19 24 1
19 25 3
19 26 8
19 27 1
19 28 7
19 29 3
19 30 7
19 31 6
19 32 10
19 33 3
19 34 7
19 35 2
19 36 7
19 37 4
19 38 6
19 39 2
19 40 2
19 41 4
19 42 8
19 43 8
19 44 6
19 45 3
19 46 10
19 47 2
19 48 7
19 49 9
19 50 2
19 51 9
19 52 7
19 53 3
19 54 5
19 55 2
19 56 10
19 57 7
19 58 7
19 59 5
19 60 9
19 61 7
19 62 10
19 63 8
19 64 4
19 65 10
19 66 9
19 67 9
19 68 4
19 69 4
19 70 8
19 71 4
19 72 8
19 73 4
19 74 7
19 75 5
19 76 9
19 77 3
19 78 8
19 79 10
19 80 7
19 81 2
19 82 1
19 83 5
19 84 4
19 85 4
19 86 1
19 87 5
19 88 9
19 89 4
19 90 10
19 91 6
19 92 4
19 93 4
19 94 10
19 95 4
19 96 3
19 97 8
19 98 8
19 99 5
20 21 9
20 22 4
20 23 5
20 24 6
20 25 3
20 26 6
20 27 10
20 28 1
20 29 7
20 30 10
20 31 5
20 32 8
20 33 4
20 34 2
20 35 8
20 36 7
20 37 6
20 38 3
20 39 1
20 40 2
20 41 10
20 42 4
20 43 6
20 44 10
20 45 4
20 46 10
20 47 3
20 48 1
20 49 6
20 50 5
20 51 5
20 52 1
20 53 1
20 54 4
20 55 3
20 56 10
20 57 10
20 58 5
20 59 6
20 60 1
20 61 9
20 62 6
20 63 10
20 64 4
20 65 5
20 66 4
20 67 8
20 68 1
20 69 6
20 70 6
20 71 5
20 72 1
20 73 10
20 74 7
20 75 7
20 76 10
20 77 10
20 78 3
20 79 3
20 80 4
20 81 5
20 82 4
20 83 9
20 84 3
20 85 6
20 86 9
20 87 7
20 88 8
20 89 6
20 90 5
20 91 4
20 92 3
20 93 9
20 94 6
20 95 4
20 96 9
20 97 6
20 98 8
20 99 9
21 22 1
21 23 8
21 24 6
21 25 1
21 26 10
21 27 7
21 28 9
21 29 1
21 30 10
21 31 3
21 32 8
21 33 1
21 34 3
21 35 1
21 36 8
21 37 3
21 38 5
21 39 3
21 40 10
21 41 7
21 42 9
21 43 5
21 44 8
21 45 6
21 46 6
21 47 1
21 48 6
21 49 1
21 50 9
21 51 1
21 52 4
21 53 4
21 54 7
21 55 3
21 56 1
21 57 5
21 58 8
21 59 10
21 60 1
21 61 6
21 62 3
21 63 3
21 64 3
21 65 1
21 66 1
21 67 6
21 68 3
21 69 2
21 70 10
21 71 10
21 72 4
21 73 1
21 74 8
21 75 1
21 76 9
21 77 10
21 78 10
21 79 2
21 80 4
21 81 3
21 82 10
21 83 10
21 84 3
21 85 2
21 86 7
21 87 5
21 88 7
21 89 4
21 90 7
21 91 4
21 92 1
21 93 7
21 94 9
21 95 6
21 96 4
21 97 1
21 98 2
21 99 6
22 23 5
22 24 1
22 25 3
22 26 10
22 27 7
22 28 5
22 29 8
22 30 6
22 31 8
22 32 5
22 33 7
22 34 4
22 35 9
22 36 8
22 37 7
22 38 6
22 39 1
22 40 10
22 41 7
22 42 9
22 43 10
22 44 9
22 45 6
22 46 1
22 47 1
22 48 5
22 49 10
22 50 2
22 51 9
22 52 2
22 53 10
22 54 4
22 55 8
22 56 3
22 57 1
22 58 8
22 59 9
22 60 8
22 61 3
22 62 6
22 63 8
22 64 1
22 65 1
22 66 1
22 67 5
22 68 10
22 69 9
22 70 4
22 71 5
22 72 7
22 73 7
22 74 1
22 75 1
22 76 2
22 77 1
22 78 2
22 79 1
22 80 3
22 81 3
22 82 8
22 83 8
22 84 1
22 85 4
22 86 3
22 87 2
22 88 9
22 89 4
22 90 7
22 91 3
22 92 8
22 93 9
22 94 1
22 95 2
22 96 8
22 97 4
22 98 9
22 99 6
23 24 4
23 25 4
23 26 4
23 27 1
23 28 6
23 29 1
23 30 4
23 31 8
23 32 10
23 33 5
23 34 8
23 35 6
23 36 1
23 37 9
23 38 5
23 39 9
23 40 4
23 41 4
23 42 2
23 43 7
23 44 4
23 45 8
23 46 7
23 47 1
23 48 7
23 49 5
23 50 10
23 51 7
23 52 5
23 53 6
23 54 10
23 55 5
23 56 3
23 57 4
23 58 10
23 59 2
23 60 10
23 61 5
23 62 1
23 63 7
23 64 7
23 65 6
23 66 7
23 67 3
23 68 2
23 69 8
23 70 1
23 71 10
23 72 3
23 73 10
23 74 9
23 75 3
23 76 9
23 77 5
23 78 10
23 79 3
23 80 7
23 81 4
23 82 3
23 83 8
23 84 4
23 85 10
23 86 4
23 87 6
23 88 8
23 89 7
23 90 10
23 91 4
23 92 9
23 93 6
23 94 1
23 95 6
23 96 3
23 97 9
23 98 3
23 99 1
24 25 3
24 26 5
24 27 1
24 28 5
24 29 8
24 30 2
24 31 1
24 32 2
24 33 5
24 34 10
24 35 3
24 36 3
24 37 7
24 38 2
24 39 2
24 40 6
24 41 4
24 42 8
24 43 10
24 44 9
24 45 2
24 46 7
24 47 2
24 48 6
24 49 4
24 50 10
24 51 6
24 52 7
24 53 6
24 54 2
24 55 2
24 56 10
24 57 5
24 58 9
24 59 5
24 60 6
24 61 5
24 62 10
24 63 2
24 64 1
24 65 10
24 66 8
24 67 5
24 68 3
24 69 2
24 70 8
24 71 7
24 72 5
24 73 3
24 74 3
24 75 5
24 76 6
24 77 2
24 78 8
24 79 7
24 80 9
24 81 4
24 82 7
24 83 10
24 84 3
24 85 4
24 86 9
24 87 1
24 88 4
24 89 7
24 90 8
24 91 7
24 92 6
24 93 9
24 94 10
24 95 6
24 96 3
24 97 8
24 98 6
24 99 9
25 26 3
25 27 1
25 28 9
25 29 2
25 30 3
25 31 10
25 32 2
25 33 8
25 34 10
25 35 5
25 36 3
25 37 5
25 38 4
25 39 9
25 40 1
25 41 10
25 42 8
25 43 5
25 44 2
25 45 4
25 46 7
25 47 8
25 48 3
25 49 10
25 50 10
25 51 4
25 52 4
25 53 1
25 54 8
25 55 7
25 56 7
25 57 7
25 58 9
25 59 1
25 60 10
25 61 2
25 62 4
25 63 2
25 64 7
25 65 2
25 66 6
25 67 8
25 68 10
25 69 1
25 70 7
25 71 1
25 72 2
25 73 1
25 74 5
25 75 5
25 76 6
25 77 5
25 78 1
25 79 6
25 80 10
25 81 10
25 82 9
25 83 3
25 84 6
25 85 5
25 86 9
25 87 8
25 88 7
25 89 9
25 90 5
25 91 3
25 92 4
25 93 3
25 94 4
25 95 9
25 96 5
25 97 7
25 98 1
25 99 6
26 27 5
26 28 2
26 29 8
26 30 3
26 31 2
26 32 9
26 33 3
26 34 9
26 35 9
26 36 1
26 37 5
26 38 5
26 39 1
26 40 9
26 41 5
26 42 5
26 43 6
26 44 1
26 45 6
26 46 5
26 47 2
26 48 10
26 49 1
26 50 8
26 51 6
26 52 6
26 53 6
26 54 8
26 55 2
26 56 8
26 57 9
26 58 8
26 59 1
26 60 6
26 61 7
26 62 4
26 63 5
26 64 2
26 65 5
26 66 5
26 67 10
26 68 5
26 69 1
26 70 8
26 71 2
26 72 5
26 73 9
26 74 9
26 75 6
26 76 6
26 77 4
26 78 2
26 79 1
26 80 8
26 81 7
26 82 4
26 83 1
26 84 1
26 85 6
26 86 5
26 87 6
26 88 7
26 89 6
26 90 5
26 91 4
26 92 7
26 93 2
26 94 5
26 95 3
26 96 1
26 97 2
26 98 9
26 99 7
27 28 6
27 29 5
27 30 6
27 31 3
27 32 4
27 33 4
27 34 9
27 35 2
27 36 3
27 37 9
27 38 9
27 39 8
27 40 8
27 41 10
27 42 3
27 43 3
27 44 3
27 45 8
27 46 4
27 47 5
27 48 9
27 49 7
27 50 3
27 51 6
27 52 8
27 53 2
27 54 6
27 55 10
27 56 7
27 57 4
27 58 3
27 59 8
27 60 4
27 61 8
27 62 8
27 63 7
27 64 6
27 65 4
27 66 7
27 67 2
27 68 2
27 69 7
27 70 1
27 71 2
27 72 4
27 73 1
27 74 1
27 75 8
27 76 10
27 77 9
27 78 9
27 79 10
27 80 8
27 81 1
27 82 7
27 83 9
27 84 7
27 85 3
27 86 3
27 87 8
27 88 7
27 89 3
27 90 10
27 91 8
27 92 10
27 93 7
27 94 3
27 95 2
27 96 1
27 97 6
27 98 7
27 99 9
28 29 8
28 30 9
28 31 5
28 32 4
28 33 9
28 34 9
28 35 4
28 36 1
28 37 1
28 38 9
28 39 2
28 40 5
28 41 1
28 42 3
28 43 3
28 44 10
28 45 10
28 46 3
28 47 8
28 48 2
28 49 10
28 50 6
28 51 9
28 52 8
28 53 1
28 54 6
28 55 2
28 56 1
28 57 8
28 58 9
28 59 2
28 60 9
28 61 2
28 62 9
28 63 9
28 64 6
28 65 7
28 66 8
28 67 1
28 68 8
28 69 9
28 70 8
28 71 2
28 72 5
28 73 4
28 74 4
28 75 9
28 76 4
28 77 1
28 78 8
28 79 9
28 80 8
28 81 3
28 82 3
28 83 2
28 84 4
28 85 2
28 86 4
28 87 2
28 88 1
28 89 3
28 90 7
28 91 3
28 92 5
28 93 3
28 94 2
28 95 9
28 96 5
28 97 8
28 98 9
28 99 10
29 30 3
29 31 6
29 32 5
29 33 2
29 34 2
29 35 4
29 36 7
29 37 2
29 38 4
29 39 10
29 40 7
29 41 1
29 42 2
29 43 8
29 44 9
29 45 9
29 46 3
29 47 1
29 48 2
29 49 7
29 50 7
29 51 9
29 52 5
29 53 1
29 54 1
29 55 5
29 56 9
29 57 8
29 58 9
29 59 1
29 60 4
29 61 7
29 62 9
29 63 1
29 64 4
29 65 8
29 66 5
29 67 6
29 68 8
29 69 5
29 70 5
29 71 5
29 72 1
29 73 10
29 74 8
29 75 7
29 76 8
29 77 5
29 78 2
29 79 6
29 80 7
29 81 8
29 82 2
29 83 5
29 84 1
29 85 8
29 86 4
29 87 1
29 88 7
29 89 9
29 90 10
29 91 2
29 92 6
29 93 1
29 94 7
29 95 10
29 96 8
29 97 4
29 98 3
29 99 8
30 31 1
30 32 3
30 33 6
30 34 1
30 35 1
30 36 7
30 37 7
30 38 1
30 39 8
30 40 8
30 41 2
30 42 7
30 43 2
30 44 9
30 45 9
30 46 5
30 47 6
30 48 2
30 49 1
30 50 1
30 51 8
30 52 8
30 53 3
30 54 5
30 55 10
30 56 4
30 57 4
30 58 4
30 59 1
30 60 1
30 61 7
30 62 3
30 63 6
30 64 2
30 65 5
30 66 9
30 67 7
30 68 5
30 69 4
30 70 1
30 71 9
30 72 10
30 73 7
30 74 1
30 75 3
30 76 2
30 77 10
30 78 5
30 79 1
30 80 9
30 81 8
30 82 9
30 83 9
30 84 3
30 85 1
30 86 10
30 87 5
30 88 7
30 89 3
30 90 6
30 91 8
30 92 10
30 93 10
30 94 6
30 95 3
30 96 6
30 97 6
30 98 3
30 99 1
31 32 1
31 33 10
31 34 2
31 35 4
31 36 7
31 37 9
31 38 7
31 39 2
31 40 9
31 41 7
31 42 2
31 43 6
31 44 2
31 45 3
31 46 5
31 47 10
31 48 9
31 49 1
31 50 4
31 51 6
31 52 2
31 53 9
31 54 3
31 55 3
31 56 10
31 57 6
31 58 7
31 59 1
31 60 10
31 61 3
31 62 3
31 63 3
31 64 7
31 65 10
31 66 3
31 67 2
31 68 6
31 69 2
31 70 2
31 71 9
31 72 7
31 73 1
31 74 8
31 75 3
31 76 3
31 77 9
31 78 9
31 79 8
31 80 2
31 81 5
31 82 10
31 83 6
31 84 7
31 85 6
31 86 3
31 87 8
31 88 3
31 89 6
31 90 8
31 91 2
31 92 9
31 93 5
31 94 6
31 95 6
31 96 8
31 97 3
31 98 7
31 99 10
32 33 10
32 34 7
32 35 10
32 36 8
32 37 3
32 38 4
32 39 5
32 40 9
32 41 6
32 42 8
32 43 10
32 44 10
32 45 6
32 46 3
32 47 4
32 48 9
32 49 6
32 50 1
32 51 4
32 52 7
32 53 5
32 54 3
32 55 2
32 56 7
32 57 9
32 58 1
32 59 10
32 60 4
32 61 4
32 62 6
32 63 5
32 64 8
32 65 3
32 66 2
32 67 4
32 68 10
32 69 9
32 70 3
32 71 5
32 72 6
32 73 7
32 74 3
32 75 8
32 76 6
32 77 9
32 78 5
32 79 9
32 80 4
32 81 2
32 82 9
32 83 4
32 84 10
32 85 5
32 86 9
32 87 9
32 88 8
32 89 2
32 90 8
32 91 3
32 92 1
32 93 7
32 94 7
32 95 7
32 96 9
32 97 5
32 98 1
32 99 3
33 34 8
33 35 6
33 36 7
33 37 7
33 38 9
33 39 1
33 40 7
33 41 4
33 42 8
33 43 10
33 44 8
33 45 8
33 46 8
33 47 7
33 48 8
33 49 7
33 50 7
33 51 3
33 52 4
33 53 1
33 54 1
33 55 9
33 56 5
33 57 10
33 58 8
33 59 8
33 60 3
33 61 6
33 62 2
33 63 6
33 64 1
33 65 8
33 66 1
33 67 5
33 68 7
33 69 9
33 70 4
33 71 1
33 72 2
33 73 6
33 74 1
33 75 4
33 76 1
33 77 1
33 78 7
33 79 7
33 80 4
33 81 3
33 82 8
33 83 5
33 84 10
33 85 3
33 86 10
33 87 5
33 88 1
33 89 7
33 90 9
33 91 4
33 92 10
33 93 8
33 94 7
33 95 3
33 96 8
33 97 7
33 98 4
33 99 4
34 35 5
34 36 3
34 37 2
34 38 8
34 39 4
34 40 1
34 41 9
34 42 3
34 43 7
34 44 4
34 45 10
34 46 2
34 47 9
34 48 6
34 49 6
34 50 1
34 51 8
34 52 1
34 53 4
34 54 9
34 55 8
34 56 2
34 57 7
34 58 4
34 59 6
34 60 6
34 61 8
34 62 9
34 63 10
34 64 5
34 65 6
34 66 4
34 67 3
34 68 1
34 69 7
34 70 1
34 71 9
34 72 6
34 73 2
34 74 5
34 75 4
34 76 4
34 77 3
34 78 1
34 79 7
34 80 1
34 81 1
34 82 1
34 83 8
34 84 4
34 85 2
34 86 2
34 87 3
34 88 10
34 89 3
34 90 10
34 91 10
34 92 7
34 93 8
34 94 7
34 95 4
34 96 5
34 97 7
34 98 2
34 99 3
35 36 4
35 37 2
35 38 10
35 39 9
35 40 8
35 41 9
35 42 9
35 43 10
35 44 4
35 45 10
35 46 10
35 47 1
35 48 3
35 49 10
35 50 5
35 51 5
35 52 2
35 53 8
35 54 4
35 55 7
35 56 1
35 57 4
35 58 9
35 59 6
35 60 8
35 61 4
35 62 5
35 63 3
35 64 4
35 65 3
35 66 10
35 67 4
35 68 7
35 69 1
35 70 1
35 71 4
35 72 7
35 73 10
35 74 5
35 75 4
35 76 4
35 77 6
35 78 2
35 79 2
35 80 7
35 81 10
35 82 4
35 83 3
35 84 8
35 85 10
35 86 9
35 87 4
35 88 9
35 89 10
35 90 9
35 91 1
35 92 3
35 93 5
35 94 5
35 95 8
35 96 5
35 97 1
35 98 9
35 99 3
36 37 7
36 38 1
36 39 6
36 40 5
36 41 5
36 42 6
36 43 9
36 44 6
36 45 6
36 46 4
36 47 4
36 48 8
36 49 5
36 50 5
36 51 8
36 52 6
36 53 8
36 54 7
36 55 7
36 56 3
36 57 1
36 58 5
36 59 9
36 60 8
36 61 10
36 62 6
36 63 1
36 64 5
36 65 8
36 66 3
36 67 3
36 68 4
36 69 3
36 70 3
36 71 4
36 72 6
36 73 8
36 74 2
36 75 5
36 76 7
36 77 2
36 78 5
36 79 9
36 80 9
36 81 4
36 82 1
36 83 6
36 84 6
36 85 9
36 86 4
36 87 10
36 88 3
36 89 8
36 90 6
36 91 8
36 92 8
36 93 8
36 94 8
36 95 1
36 96 5
36 97 9
36 98 4
36 99 6
37 38 1
37 39 6
37 40 7
37 41 6
37 42 7
37 43 1
37 44 7
37 45 2
37 46 2
37 47 4
37 48 10
37 49 6
37 50 8
37 51 9
37 52 2
37 53 8
37 54 9
37 55 3
37 56 5
37 57 10
37 58 3
37 59 6
37 60 9
37 61 8
37 62 3
37 63 7
37 64 10
37 65 1
37 66 2
37 67 2
37 68 3
37 69 3
37 70 5
37 71 10
37 72 5
37 73 5
37 74 10
37 75 3
37 76 8
37 77 1
37 78 5
37 79 4
37 80 1
37 81 9
37 82 8
37 83 9
37 84 8
37 85 5
37 86 6
37 87 5
37 88 5
37 89 10
37 90 8
37 91 4
37 92 6
37 93 8
37 94 8
37 95 4
37 96 6
37 97 7
37 98 4
37 99 6
38 39 6
38 40 9
38 41 9
38 42 1
38 43 5
38 44 9
38 45 8
38 46 6
38 47 9
38 48 6
38 49 6
38 50 3
38 51 3
38 52 4
38 53 10
38 54 3
38 55 3
38 56 6
38 57 1
38 58 2
38 59 8
38 60 4
38 61 5
38 62 4
38 63 10
38 64 1
38 65 8
38 66 10
38 67 4
38 68 3
38 69 3
38 70 7
38 71 9
38 72 5
38 73 8
38 74 5
38 75 6
38 76 9
38 77 8
38 78 9
38 79 1
38 80 1
38 81 8
38 82 8
38 83 6
38 84 3
38 85 2
38 86 7
38 87 2
38 88 3
38 89 3
38 90 1
38 91 4
38 92 1
38 93 10
38 94 5
38 95 8
38 96 6
38 97 7
38 98 1
38 99 9
39 40 10
39 41 2
39 42 8
39 43 3
39 44 9
39 45 5
39 46 4
39 47 3
39 48 10
39 49 8
39 50 1
39 51 3
39 52 1
39 53 3
39 54 9
39 55 7
39 56 10
39 57 10
39 58 2
39 59 4
39 60 8
39 61 6
39 62 4
39 63 6
39 64 6
39 65 2
39 66 4
39 67 7
39 68 7
39 69 2
39 70 6
39 71 3
39 72 6
39 73 10
39 74 6
39 75 7
39 76 10
39 77 9
39 78 4
39 79 2
39 80 3
39 81 9
39 82 10
39 83 6
39 84 2
39 85 4
39 86 1
39 87 2
39 88 6
39 89 5
39 90 8
39 91 9
39 92 3
39 93 5
39 94 10
39 95 9
39 96 6
39 97 9
39 98 8
39 99 9
40 41 7
40 42 4
40 43 10
40 44 6
40 45 10
40 46 7
40 47 1
40 48 10
40 49 6
40 50 4
40 51 5
40 52 2
40 53 6
40 54 3
40 55 6
40 56 9
40 57 9
40 58 4
40 59 5
40 60 10
40 61 8
40 62 9
40 63 10
40 64 9
40 65 5
40 66 8
40 67 7
40 68 3
40 69 4
40 70 7
40 71 1
40 72 3
40 73 9
40 74 1
40 75 5
40 76 9
40 77 6
40 78 3
40 79 6
40 80 4
40 81 6
40 82 5
40 83 8
40 84 3
40 85 8
40 86 4
40 87 9
40 88 6
40 89 2
40 90 6
40 91 7
40 92 9
40 93 4
40 94 4
40 95 5
40 96 7
40 97 10
40 98 1
40 99 9
41 42 5
41 43 6
41 44 1
41 45 2
41 46 9
41 47 3
41 48 2
41 49 5
41 50 7
41 51 9
41 52 4
41 53 3
41 54 8
41 55 10
41 56 2
41 57 8
41 58 3
41 59 10
41 60 10
41 61 3
41 62 9
41 63 8
41 64 4
41 65 3
41 66 7
41 67 2
41 68 5
41 69 7
41 70 3
41 71 7
41 72 2
41 73 9
41 74 2
41 75 6
41 76 4
41 77 4
41 78 4
41 79 2
41 80 5
41 81 1
41 82 7
41 83 10
41 84 8
41 85 7
41 86 5
41 87 7
41 88 7
41 89 9
41 90 8
41 91 8
41 92 2
41 93 9
41 94 5
41 95 5
41 96 7
41 97 4
41 98 3
41 99 6
42 43 6
42 44 2
42 45 1
42 46 5
42 47 4
42 48 8
42 49 10
42 50 8
42 51 6
42 52 1
42 53 5
42 54 7
42 55 2
42 56 4
42 57 10
42 58 9
42 59 5
42 60 2
42 61 1
42 62 9
42 63 5
42 64 4
42 65 9
42 66 3
42 67 7
42 68 3
42 69 8
42 70 2
42 71 2
42 72 5
42 73 8
42 74 9
42 75 10
42 76 8
42 77 3
42 78 10
42 79 2
42 80 1
42 81 4
42 82 3
42 83 6
42 84 2
42 85 9
42 86 1
42 87 10
42 88 9
42 89 4
42 90 2
42 91 5
42 92 4
42 93 8
42 94 1
42 95 6
42 96 4
42 97 7
42 98 10
42 99 10
43 44 4
43 45 8
43 46 7
43 47 8
43 48 5
43 49 3
43 50 4
43 51 9
43 52 10
43 53 6
43 54 5
43 55 4
43 56 8
43 57 10
43 58 10
43 59 9
43 60 9
43 61 7
43 62 7
43 63 9
43 64 4
43 65 8
43 66 6
43 67 3
43 68 2
43 69 5
43 70 10
43 71 4
43 72 7
43 73 6
43 74 10
43 75 6
43 76 8
43 77 5
43 78 2
43 79 4
43 80 7
43 81 5
43 82 9
43 83 7
43 84 4
43 85 2
43 86 7
43 87 7
43 88 8
43 89 2
43 90 9
43 91 2
43 92 9
43 93 9
43 94 9
43 95 5
43 96 5
43 97 1
43 98 8
43 99 8
44 45 2
44 46 6
44 47 1
44 48 3
44 49 1
44 50 9
44 51 9
44 52 3
44 53 2
44 54 3
44 55 2
44 56 10
44 57 7
44 58 6
44 59 10
44 60 4
44 61 3
44 62 2
44 63 1
44 64 9
44 65 4
44 66 2
44 67 7
44 68 10
44 69 1
44 70 2
44 71 7
44 72 2
44 73 8
44 74 5
44 75 9
44 76 1
44 77 6
44 78 7
44 79 6
44 80 3
44 81 9
44 82 4
44 83 10
44 84 10
44 85 8
44 86 7
44 87 7
44 88 1
44 89 10
44 90 6
44 91 9
44 92 8
44 93 4
44 94 10
44 95 4
44 96 10
44 97 4
44 98 6
44 99 2
45 46 1
45 47 8
45 48 1
45 49 7
45 50 8
45 51 9
45 52 3
45 53 6
45 54 5
45 55 2
45 56 3
45 57 10
45 58 7
45 59 3
45 60 7
45 61 10
45 62 4
45 63 6
45 64 10
45 65 1
45 66 4
45 67 3
45 68 10
45 69 9
45 70 7
45 71 6
45 72 9
45 73 1
45 74 4
45 75 3
45 76 10
45 77 8
45 78 7
45 79 7
45 80 8
45 81 8
45 82 7
45 83 10
45 84 6
45 85 4
45 86 2
45 87 10
45 88 8
45 89 5
45 90 8
45 91 6
45 92 10
45 93 3
45 94 2
45 95 3
45 96 9
45 97 7
45 98 2
45 99 7
46 47 7
46 48 3
46 49 10
46 50 1
46 51 3
46 52 7
46 53 2
46 54 1
46 55 9
46 56 10
46 57 9
46 58 8
46 59 5
46 60 5
46 61 9
46 62 9
46 63 10
46 64 10
46 65 5
46 66 3
46 67 8
46 68 4
46 69 8
46 70 1
46 71 10
46 72 7
46 73 8
46 74 9
46 75 6
46 76 7
46 77 5
46 78 2
46 79 6
46 80 5
46 81 5
46 82 7
46 83 5
46 84 3
46 85 6
46 86 9
46 87 6
46 88 8
46 89 2
46 90 4
46 91 9
46 92 6
46 93 8
46 94 4
46 95 2
46 96 10
46 97 7
46 98 6
46 99 7
47 48 4
47 49 6
47 50 1
47 51 8
47 52 2
47 53 5
47 54 2
47 55 8
47 56 4
47 57 6
47 58 1
47 59 9
47 60 5
47 61 8
47 62 3
47 63 7
47 64 2
47 65 5
47 66 3
47 67 6
47 68 5
47 69 1
47 70 3
47 71 1
47 72 6
47 73 10
47 74 4
47 75 9
47 76 1
47 77 1
47 78 3
47 79 1
47 80 9
47 81 1
47 82 2
47 83 8
47 84 1
47 85 1
47 86 7
47 87 9
47 88 10
47 89 3
47 90 5
47 91 2
47 92 5
47 93 4
47 94 3
47 95 4
47 96 8
47 97 1
47 98 6
47 99 5
48 49 9
48 50 4
48 51 8
48 52 6
48 53 1
48 54 2
48 55 4
48 56 5
48 57 9
48 58 2
48 59 5
48 60 8
48 61 4
48 62 5
48 63 4
48 64 3
48 65 2
48 66 9
48 67 6
48 68 2
48 69 5
48 70 9
48 71 5
48 72 1
48 73 9
48 74 1
48 75 9
48 76 7
48 77 10
48 78 4
48 79 5
48 80 4
48 81 10
48 82 3
48 83 9
48 84 7
48 85 10
48 86 6
48 87 10
48 88 5
48 89 8
48 90 9
48 91 9
48 92 7
48 93 8
48 94 8
48 95 9
48 96 5
48 97 8
48 98 10
48 99 5
49 50 8
49 51 5
49 52 9
49 53 10
49 54 10
49 55 6
49 56 6
49 57 10
49 58 9
49 59 8
49 60 7
49 61 6
49 62 7
49 63 9
49 64 4
49 65 7
49 66 3
49 67 3
49 68 10
49 69 4
49 70 5
49 71 1
49 72 4
49 73 8
49 74 10
49 75 7
49 76 2
49 77 2
49 78 1
49 79 1
49 80 10
49 81 5
49 82 2
49 83 3
49 84 1
49 85 10
49 86 7
49 87 8
49 88 1
49 89 4
49 90 3
49 91 4
49 92 6
49 93 7
49 94 3
49 95 2
49 96 3
49 97 6
49 98 2
49 99 3
50 51 1
50 52 8
50 53 1
50 54 1
50 55 6
50 56 6
50 57 2
50 58 5
50 59 8
50 60 5
50 61 10
50 62 9
50 63 10
50 64 7
50 65 8
50 66 3
50 67 4
50 68 6
50 69 8
50 70 9
50 71 9
50 72 8
50 73 3
50 74 7
50 75 9
50 76 3
50 77 6
50 78 7
50 79 2
50 80 1
50 81 5
50 82 2
50 83 4
50 84 9
50 85 8
50 86 3
50 87 4
50 88 4
50 89 1
50 90 5
50 91 2
50 92 4
50 93 2
50 94 3
50 95 2
50 96 1
50 97 9
50 98 10
50 99 4
51 52 9
51 53 1
51 54 9
51 55 5
51 56 1
51 57 1
51 58 9
51 59 3
51 60 5
51 61 8
51 62 3
51 63 9
51 64 9
51 65 7
51 66 2
51 67 10
51 68 10
51 69 4
51 70 10
51 71 7
51 72 7
51 73 6
51 74 8
51 75 2
51 76 2
51 77 3
51 78 1
51 79 9
51 80 2
51 81 8
51 82 3
51 83 2
51 84 7
51 85 8
51 86 2
51 87 10
51 88 10
51 89 9
51 90 2
51 91 2
51 92 8
51 93 4
51 94 5
51 95 2
51 96 5
51 97 6
51 98 3
51 99 2
52 53 5
52 54 6
52 55 3
52 56 8
52 57 8
52 58 6
52 59 9
52 60 6
52 61 2
52 62 1
52 63 6
52 64 7
52 65 7
52 66 4
52 67 3
52 68 3
52 69 3
52 70 6
52 71 8
52 72 6
52 73 10
52 74 7
52 75 7
52 76 3
52 77 2
52 78 1
52 79 6
52 80 2
52 81 2
52 82 6
52 83 6
52 84 9
52 85 6
52 86 5
52 87 7
52 88 8
52 89 2
52 90 9
52 91 3
52 92 5
52 93 3
52 94 9
52 95 5
52 96 9
52 97 8
52 98 7
52 99 6
53 54 5
53 55 3
53 56 5
53 57 6
53 58 5
53 59 3
53 60 6
53 61 6
53 62 7
53 63 9
53 64 5
53 65 3
53 66 10
53 67 7
53 68 3
53 69 6
53 70 8
53 71 6
53 72 1
53 73 8
53 74 6
53 75 2
53 76 9
53 77 4
53 78 6
53 79 3
53 80 8
53 81 1
53 82 7
53 83 10
53 84 10
53 85 7
53 86 10
53 87 1
53 88 2
53 89 10
53 90 7
53 91 4
53 92 3
53 93 5
53 94 2
53 95 7
53 96 5
53 97 2
53 98 1
53 99 9
54 55 7
54 56 5
54 57 1
54 58 4
54 59 8
54 60 8
54 61 6
54 62 9
54 63 7
54 64 5
54 65 2
54 66 9
54 67 1
54 68 10
54 69 8
54 70 5
54 71 6
54 72 6
54 73 9
54 74 9
54 75 5
54 76 1
54 77 3
54 78 9
54 79 2
54 80 10
54 81 5
54 82 9
54 83 9
54 84 2
54 85 4
54 86 4
54 87 7
54 88 5
54 89 3
54 90 6
54 91 6
54 92 7
54 93 2
54 94 1
54 95 7
54 96 7
54 97 2
54 98 4
54 99 3
55 56 7
55 57 7
55 58 2
55 59 8
55 60 6
55 61 9
55 62 4
55 63 8
55 64 7
55 65 2
55 66 6
55 67 6
55 68 3
55 69 7
55 70 7
55 71 9
55 72 2
55 73 8
55 74 5
55 75 1
55 76 6
55 77 1
55 78 2
55 79 1
55 80 4
55 81 9
55 82 2
55 83 3
55 84 10
55 85 7
55 86 3
55 87 10
55 88 3
55 89 3
55 90 7
55 91 1
55 92 5
55 93 6
55 94 6
55 95 7

