4950
0 1 3
0 2 10
0 3 3
0 4 7
0 5 8
0 6 9
0 7 7
0 8 6
0 9 4
0 10 2
0 11 10
0 12 8
0 13 6
0 14 3
0 15 10
0 16 10
0 17 5
0 18 4
0 19 5
0 20 7
0 21 4
0 22 8
0 23 8
0 24 1
0 25 10
0 26 5
0 27 2
0 28 5
0 29 6
0 30 10
0 31 4
0 32 2
0 33 2
0 34 10
0 35 2
0 36 7
0 37 4
0 38 10
0 39 10
0 40 1
0 41 10
0 42 10
0 43 8
0 44 1
0 45 5
0 46 6
0 47 8
0 48 6
0 49 5
0 50 6
0 51 8
0 52 10
0 53 9
0 54 5
0 55 9
0 56 3
0 57 9
0 58 7
0 59 8
0 60 10
0 61 8
0 62 8
0 63 10
0 64 3
0 65 6
0 66 2
0 67 8
0 68 4
0 69 10
0 70 9
0 71 5
0 72 7
0 73 3
0 74 6
0 75 8
0 76 3
0 77 5
0 78 5
0 79 3
0 80 1
0 81 8
0 82 8
0 83 7
0 84 10
0 85 6
0 86 10
0 87 4
0 88 10
0 89 5
0 90 1
0 91 8
0 92 8
0 93 9
0 94 8
0 95 2
0 96 5
0 97 1
0 98 7
0 99 1
1 2 4
1 3 7
1 4 3
1 5 8
1 6 3
1 7 4
1 8 5
1 9 6
1 10 3
1 11 7
1 12 10
1 13 4
1 14 6
1 15 1
1 16 9
1 17 1
1 18 4
1 19 1
1 20 10
1 21 10
1 22 10
1 23 5
1 24 10
1 25 1
1 26 1
1 27 2
1 28 6
1 29 6
1 30 3
1 31 9
1 32 1
1 33 2
1 34 1
1 35 6
1 36 6
1 37 6
1 38 6
1 39 7
1 40 4
1 41 10
1 42 10
1 43 1
1 44 8
1 45 7
1 46 5
1 47 5
1 48 1
1 49 3
1 50 10
1 51 10
1 52 1
1 53 8
1 54 5
1 55 10
1 56 2
1 57 7
1 58 5
1 59 2
1 60 7
1 61 7
1 62 8
1 63 9
1 64 9
1 65 9
1 66 5
1 67 1
1 68 1
1 69 1
1 70 3
1 71 6
1 72 9
1 73 3
1 74 8
1 75 2
1 76 2
1 77 6
1 78 2
1 79 1
1 80 2
1 81 9
1 82 4
1 83 5
1 84 3
1 85 1
1 86 6
1 87 9
1 88 2
1 89 1
1 90 2
1 91 6
1 92 3
1 93 8
1 94 10
1 95 10
1 96 2
1 97 2
1 98 6
1 99 6
2 3 4
2 4 8
2 5 10
2 6 1
2 7 5
2 8 2
2 9 10
2 10 4
2 11 7
2 12 1
2 13 1
2 14 7
2 15 2
2 16 6
2 17 9
2 18 9
2 19 1
2 20 2
2 21 8
2 22 9
2 23 5
2 24 10
2 25 10
2 26 7
2 27 9
2 28 3
2 29 6
2 30 3
2 31 1
2 32 5
2 33 10
2 34 9
2 35 7
2 36 9
2 37 3
2 38 6
2 39 7
2 40 9
2 41 1
2 42 3
2 43 10
2 44 2
2 45 8
2 46 8
2 47 7
2 48 7
2 49 8
2 50 5
2 51 4
2 52 6
2 53 6
2 54 10
2 55 7
2 56 2
2 57 4
2 58 10
2 59 2
2 60 3
2 61 9
2 62 10
2 63 10
2 64 10
2 65 1
2 66 5
2 67 2
2 68 7
2 69 9
2 70 5
2 71 6
2 72 3
2 73 6
2 74 6
2 75 8
2 76 3
2 77 7
2 78 8
2 79 5
2 80 3
2 81 9
2 82 9
2 83 6
2 84 6
2 85 5
2 86 3
2 87 3
2 88 3
2 89 1
2 90 2
2 91 5
2 92 5
2 93 4
2 94 4
2 95 5
2 96 5
2 97 10
2 98 6
2 99 10
3 4 5
3 5 8
3 6 1
3 7 7
3 8 8
3 9 4
3 10 1
3 11 1
3 12 6
3 13 6
3 14 6
3 15 4
3 16 9
3 17 3
3 18 3
3 19 3
3 20 9
3 21 1
3 22 3
3 23 7
3 24 9
3 25 7
3 26 2
3 27 7
3 28 1
3 29 4
3 30 2
3 31 1
3 32 3
3 33 6
3 34 1
3 35 10
3 36 2
3 37 5
3 38 9
3 39 1
3 40 3
3 41 9
3 42 9
3 43 3
3 44 1
3 45 5
3 46 1
3 47 1
3 48 8
3 49 5
3 50 5
3 51 7
3 52 10
3 53 3
3 54 1
3 55 10
3 56 10
3 57 4
3 58 1
3 59 1
3 60 8
3 61 9
3 62 5
3 63 9
3 64 8
3 65 6
3 66 2
3 67 7
3 68 1
3 69 10
3 70 6
3 71 2
3 72 4
3 73 7
3 74 4
3 75 5
3 76 8
3 77 6
3 78 5
3 79 10
3 80 6
3 81 10
3 82 4
3 83 3
3 84 2
3 85 4
3 86 3
3 87 9
3 88 6
3 89 8
3 90 10
3 91 2
3 92 2
3 93 8
3 94 6
3 95 8
3 96 4
3 97 8
3 98 9
3 99 10
4 5 1
4 6 8
4 7 10
4 8 8
4 9 1
4 10 9
4 11 7
4 12 1
4 13 4
4 14 9
4 15 9
4 16 8
4 17 8
4 18 2
4 19 3
4 20 10
4 21 3
4 22 9
4 23 7
4 24 6
4 25 1
4 26 4
4 27 2
4 28 6
4 29 7
4 30 10
4 31 6
4 32 4
4 33 6
4 34 6
4 35 1
4 36 10
4 37 6
4 38 1
4 39 10
4 40 10
4 41 6
4 42 7
4 43 4
4 44 2
4 45 10
4 46 7
4 47 1
4 48 2
4 49 3
4 50 1
4 51 6
4 52 1
4 53 3
4 54 5
4 55 10
4 56 6
4 57 2
4 58 9
4 59 6
4 60 7
4 61 8
4 62 4
4 63 8
4 64 4
4 65 9
4 66 5
4 67 4
4 68 10
4 69 6
4 70 7
4 71 5
4 72 1
4 73 7
4 74 10
4 75 3
4 76 4
4 77 5
4 78 5
4 79 9
4 80 1
4 81 3
4 82 5
4 83 5
4 84 7
4 85 1
4 86 2
4 87 10
4 88 5
4 89 1
4 90 10
4 91 3
4 92 3
4 93 10
4 94 7
4 95 4
4 96 10
4 97 8
4 98 9
4 99 6
5 6 1
5 7 9
5 8 10
5 9 10
5 10 3
5 11 3
5 12 2
5 13 3
5 14 2
5 15 10
5 16 5
5 17 9
5 18 2
5 19 2
5 20 8
5 21 7
5 22 3
5 23 10
5 24 8
5 25 8
5 26 9
5 27 10
5 28 1
5 29 1
5 30 3
5 31 9
5 32 9
5 33 9
5 34 5
5 35 10
5 36 1
5 37 5
5 38 6
5 39 2
5 40 5
5 41 8
5 42 4
5 43 1
5 44 6
5 45 2
5 46 5
5 47 8
5 48 9
5 49 8
5 50 5
5 51 2
5 52 1
5 53 1
5 54 2
5 55 4
5 56 2
5 57 4
5 58 8
5 59 9
5 60 5
5 61 5
5 62 4
5 63 7
5 64 4
5 65 9
5 66 8
5 67 10
5 68 3
5 69 8
5 70 3
5 71 1
5 72 4
5 73 2
5 74 4
5 75 7
5 76 7
5 77 10
5 78 9
5 79 8
5 80 2
5 81 3
5 82 2
5 83 10
5 84 10
5 85 2
5 86 6
5 87 10
5 88 5
5 89 10
5 90 4
5 91 4
5 92 1
5 93 6
5 94 8
5 95 3
5 96 5
5 97 7
5 98 1
5 99 7
6 7 9
6 8 1
6 9 2
6 10 6
6 11 2
6 12 1
6 13 4
6 14 10
6 15 10
6 16 5
6 17 9
6 18 8
6 19 10
6 20 8
6 21 8
6 22 5
6 23 6
6 24 10
6 25 4
6 26 2
6 27 6
6 28 5
6 29 7
6 30 2
6 31 7
6 32 10
6 33 10
6 34 5
6 35 4
6 36 10
6 37 5
6 38 8
6 39 9
6 40 7
6 41 8
6 42 1
6 43 9
6 44 8
6 45 8
6 46 2
6 47 4
6 48 10
6 49 4
6 50 6
6 51 10
6 52 4
6 53 1
6 54 10
6 55 8
6 56 6
6 57 5
6 58 1
6 59 6
6 60 1
6 61 4
6 62 6
6 63 5
6 64 4
6 65 9
6 66 10
6 67 6
6 68 4
6 69 1
6 70 4
6 71 1
6 72 7
6 73 8
6 74 1
6 75 6
6 76 1
6 77 8
6 78 9
6 79 4
6 80 8
6 81 3
6 82 10
6 83 9
6 84 10
6 85 6
6 86 8
6 87 2
6 88 4
6 89 5
6 90 2
6 91 1
6 92 8
6 93 10
6 94 2
6 95 1
6 96 4
6 97 5
6 98 8
6 99 4
7 8 8
7 9 3
7 10 8
7 11 4
7 12 9
7 13 9
7 14 2
7 15 3
7 16 6
7 17 10
7 18 2
7 19 8
7 20 8
7 21 5
7 22 4
7 23 5
7 24 8
7 25 2
7 26 1
7 27 4
7 28 8
7 29 7
7 30 9
7 31 5
7 32 10
7 33 5
7 34 9
7 35 7
7 36 10
7 37 7
7 38 2
7 39 10
7 40 6
7 41 8
7 42 9
7 43 1
7 44 6
7 45 5
7 46 3
7 47 4
7 48 4
7 49 7
7 50 3
7 51 7
7 52 10
7 53 4
7 54 6
7 55 5
7 56 1
7 57 3
7 58 7
7 59 9
7 60 4
7 61 7
7 62 9
7 63 4
7 64 2
7 65 2
7 66 10
7 67 7
7 68 3
7 69 8
7 70 8
7 71 8
7 72 9
7 73 1
7 74 3
7 75 3
7 76 8
7 77 10
7 78 5
7 79 6
7 80 8
7 81 4
7 82 7
7 83 1
7 84 9
7 85 4
7 86 8
7 87 1
7 88 8
7 89 6
7 90 6
7 91 5
7 92 6
7 93 10
7 94 2
7 95 2
7 96 1
7 97 6
7 98 9
7 99 4
8 9 3
8 10 1
8 11 6
8 12 1
8 13 4
8 14 10
8 15 6
8 16 5
8 17 6
8 18 9
8 19 9
8 20 4
8 21 7
8 22 1
8 23 2
8 24 2
8 25 5
8 26 6
8 27 2
8 28 10
8 29 6
8 30 9
8 31 4
8 32 2
8 33 7
8 34 10
8 35 7
8 36 2
8 37 5
8 38 5
8 39 6
8 40 10
8 41 8
8 42 6
8 43 8
8 44 5
8 45 10
8 46 5
8 47 5
8 48 1
8 49 1
8 50 4
8 51 9
8 52 5
8 53 7
8 54 10
8 55 9
8 56 5
8 57 3
8 58 9
8 59 8
8 60 3
8 61 10
8 62 5
8 63 8
8 64 6
8 65 8
8 66 8
8 67 9
8 68 7
8 69 3
8 70 4
8 71 5
8 72 3
8 73 2
8 74 5
8 75 7
8 76 10
8 77 9
8 78 4
8 79 5
8 80 9
8 81 8
8 82 7
8 83 9
8 84 3
8 85 7
8 86 9
8 87 8
8 88 10
8 89 4
8 90 4
8 91 1
8 92 9
8 93 2
8 94 4
8 95 1
8 96 7
8 97 10
8 98 1
8 99 9
9 10 3
9 11 8
9 12 1
9 13 5
9 14 1
9 15 6
9 16 1
9 17 1
9 18 6
9 19 10
9 20 8
9 21 2
9 22 9
9 23 3
9 24 7
9 25 8
9 26 6
9 27 8
9 28 10
9 29 7
9 30 2
9 31 7
9 32 3
9 33 2
9 34 10
9 35 7
9 36 2
9 37 2
9 38 10
9 39 8
9 40 6
9 41 4
9 42 2
9 43 9
9 44 1
9 45 7
9 46 6
9 47 9
9 48 8
9 49 3
9 50 5
9 51 9
9 52 2
9 53 2
9 54 5
9 55 6
9 56 1
9 57 6
9 58 7
9 59 2
9 60 5
9 61 10
9 62 6
9 63 6
9 64 1
9 65 1
9 66 2
9 67 2
9 68 6
9 69 9
9 70 3
9 71 6
9 72 1
9 73 9
9 74 6
9 75 8
9 76 6
9 77 9
9 78 7
9 79 8
9 80 8
9 81 9
9 82 10
9 83 8
9 84 1
9 85 7
9 86 8
9 87 5
9 88 3
9 89 4
9 90 2
9 91 8
9 92 9
9 93 2
9 94 6
9 95 10
9 96 5
9 97 10
9 98 4
9 99 3
10 11 9
10 12 10
10 13 8
10 14 4
10 15 6
10 16 4
10 17 7
10 18 3
10 19 7
10 20 2
10 21 3
10 22 6
10 23 8
10 24 6
10 25 8
10 26 7
10 27 4
10 28 4
10 29 2
10 30 8
10 31 1
10 32 3
10 33 4
10 34 2
10 35 3
10 36 6
10 37 10
10 38 7
10 39 1
10 40 4
10 41 1
10 42 8
10 43 9
10 44 1
10 45 8
10 46 7
10 47 7
10 48 5
10 49 5
10 50 3
10 51 2
10 52 4
10 53 10
10 54 4
10 55 6
10 56 2
10 57 8
10 58 7
10 59 9
10 60 9
10 61 7
10 62 10
10 63 4
10 64 3
10 65 2
10 66 4
10 67 4
10 68 1
10 69 5
10 70 3
10 71 8
10 72 1
10 73 10
10 74 6
10 75 10
10 76 6
10 77 8
10 78 1
10 79 8
10 80 1
10 81 9
10 82 3
10 83 9
10 84 2
10 85 4
10 86 2
10 87 9
10 88 7
10 89 9
10 90 3
10 91 10
10 92 1
10 93 2
10 94 9
10 95 2
10 96 9
10 97 2
10 98 1
10 99 10
11 12 5
11 13 10
11 14 10
11 15 8
11 16 6
11 17 7
11 18 3
11 19 8
11 20 9
11 21 5
11 22 8
11 23 6
11 24 5
11 25 3
11 26 3
11 27 2
11 28 2
11 29 3
11 30 4
11 31 8
11 32 3
11 33 6
11 34 6
11 35 5
11 36 8
11 37 6
11 38 1
11 39 9
11 40 3
11 41 4
11 42 9
11 43 10
11 44 7
11 45 7
11 46 2
11 47 6
11 48 6
11 49 9
11 50 6
11 51 1
11 52 9
11 53 8
11 54 8
11 55 10
11 56 6
11 57 1
11 58 1
11 59 1
11 60 6
11 61 2
11 62 7
11 63 4
11 64 3
11 65 4
11 66 7
11 67 6
11 68 7
11 69 2
11 70 6
11 71 1
11 72 8
11 73 7
11 74 10
11 75 2
11 76 9
11 77 9
11 78 5
11 79 1
11 80 9
11 81 3
11 82 8
11 83 8
11 84 8
11 85 3
11 86 7
11 87 5
11 88 7
11 89 1
11 90 2
11 91 1
11 92 1
11 93 1
11 94 10
11 95 8
11 96 1
11 97 5
11 98 5
11 99 10
12 13 7
12 14 6
12 15 1
12 16 3
12 17 8
12 18 8
12 19 7
12 20 3
12 21 1
12 22 9
12 23 8
12 24 1
12 25 9
12 26 3
12 27 5
12 28 3
12 29 6
12 30 5
12 31 3
12 32 7
12 33 5
12 34 1
12 35 3
12 36 2
12 37 8
12 38 3
12 39 6
12 40 4
12 41 7
12 42 6
12 43 10
12 44 5
12 45 9
12 46 5
12 47 9
12 48 10
12 49 3
12 50 4
12 51 8
12 52 4
12 53 3
12 54 1
12 55 7
12 56 2
12 57 3
12 58 2
12 59 4
12 60 7
12 61 7
12 62 8
12 63 2
12 64 10
12 65 9
12 66 5
12 67 10
12 68 9
12 69 3
12 70 10
12 71 7
12 72 2
12 73 4
12 74 8
12 75 10
12 76 9
12 77 2
12 78 3
12 79 3
12 80 6
12 81 5
12 82 7
12 83 4
12 84 6
12 85 10
12 86 1
12 87 7
12 88 5
12 89 3
12 90 7
12 91 1
12 92 8
12 93 5
12 94 2
12 95 4
12 96 8
12 97 3
12 98 10
12 99 5
13 14 1
13 15 10
13 16 4
13 17 8
13 18 1
13 19 3
13 20 9
13 21 5
13 22 6
13 23 4
13 24 4
13 25 2
13 26 7
13 27 6
13 28 6
13 29 2
13 30 9
13 31 1
13 32 4
13 33 2
13 34 8
13 35 1
13 36 7
13 37 8
13 38 6
13 39 1
13 40 9
13 41 8
13 42 4
13 43 3
13 44 2
13 45 1
13 46 3
13 47 10
13 48 6
13 49 9
13 50 2
13 51 3
13 52 2
13 53 3
13 54 5
13 55 3
13 56 9
13 57 9
13 58 2
13 59 1
13 60 2
13 61 1
13 62 3
13 63 10
13 64 2
13 65 6
13 66 7
13 67 6
13 68 8
13 69 7
13 70 7
13 71 8
13 72 4
13 73 2
13 74 7
13 75 5
13 76 10
13 77 5
13 78 1
13 79 6
13 80 10
13 81 6
13 82 7
13 83 6
13 84 8
13 85 2
13 86 2
13 87 3
13 88 8
13 89 3
13 90 6
13 91 1
13 92 1
13 93 5
13 94 3
13 95 9
13 96 9
13 97 5
13 98 9
13 99 5
14 15 4
14 16 4
14 17 9
14 18 4
14 19 9
14 20 2
14 21 4
14 22 2
14 23 2
14 24 10
14 25 2
14 26 1
14 27 5
14 28 3
14 29 8
14 30 9
14 31 8
14 32 8
14 33 2
14 34 5
14 35 6
14 36 2
14 37 6
14 38 9
14 39 3
14 40 2
14 41 7
14 42 4
14 43 7
14 44 2
14 45 8
14 46 8
14 47 4
14 48 1
14 49 1
14 50 1
14 51 8
14 52 8
14 53 3
14 54 2
14 55 2
14 56 3
14 57 10
14 58 4
14 59 8
14 60 3
14 61 8
14 62 5
14 63 3
14 64 6
14 65 3
14 66 10
14 67 5
14 68 3
14 69 1
14 70 6
14 71 3
14 72 1
14 73 4
14 74 3
14 75 7
14 76 8
14 77 7
14 78 8
14 79 5
14 80 6
14 81 3
14 82 2
14 83 8
14 84 10
14 85 7
14 86 8
14 87 6
14 88 1
14 89 9
14 90 1
14 91 9
14 92 1
14 93 8
14 94 3
14 95 2
14 96 4
14 97 4
14 98 4
14 99 3
15 16 2
15 17 3
15 18 4
15 19 1
15 20 3
15 21 10
15 22 7
15 23 1
15 24 4
15 25 2
15 26 4
15 27 8
15 28 1
15 29 1
15 30 1
15 31 1
15 32 8
15 33 2
15 34 7
15 35 10
15 36 3
15 37 5
15 38 2
15 39 9
15 40 9
15 41 6
15 42 9
15 43 4
15 44 8
15 45 1
15 46 7
15 47 10
15 48 7
15 49 8
15 50 3
15 51 6
15 52 7
15 53 5
15 54 9
15 55 6
15 56 3
15 57 6
15 58 10
15 59 10
15 60 6
15 61 1
15 62 7
15 63 6
15 64 7
15 65 7
15 66 10
15 67 2
15 68 5
15 69 4
15 70 8
15 71 5
15 72 10
15 73 8
15 74 8
15 75 3
15 76 9
15 77 7
15 78 7
15 79 7
15 80 5
15 81 6
15 82 4
15 83 3
15 84 1
15 85 5
15 86 5
15 87 8
15 88 10
15 89 2
15 90 5
15 91 3
15 92 3
15 93 8
15 94 2
15 95 4
15 96 2
15 97 10
15 98 2
15 99 4
16 17 10
16 18 4
16 19 4
16 20 9
16 21 8
16 22 5
16 23 4
16 24 5
16 25 6
16 26 8
16 27 3
16 28 3
16 29 5
16 30 5
16 31 3
16 32 5
16 33 7
16 34 8
16 35 9
16 36 3
16 37 2
16 38 5
16 39 8
16 40 7
16 41 5
16 42 3
16 43 5
16 44 3
16 45 4
16 46 4
16 47 6
16 48 5
16 49 6
16 50 9
16 51 10
16 52 9
16 53 5
16 54 2
16 55 10
16 56 3
16 57 8
16 58 4
16 59 2
16 60 5
16 61 4
16 62 4
16 63 4
16 64 8
16 65 9
16 66 7
16 67 7
16 68 8
16 69 5
16 70 3
16 71 3
16 72 8
16 73 5
16 74 8
16 75 2
16 76 6
16 77 2
16 78 3
16 79 5
16 80 1
16 81 6
16 82 8
16 83 8
16 84 10
16 85 2
16 86 4
16 87 4
16 88 5
16 89 8
16 90 8
16 91 5
16 92 8
16 93 2
16 94 3
16 95 6
16 96 6
16 97 9
16 98 10
16 99 2
17 18 2
17 19 2
17 20 6
17 21 7
17 22 8
17 23 7
17 24 2
17 25 8
17 26 4
17 27 5
17 28 8
17 29 7
17 30 6
17 31 9
17 32 3
17 33 2
17 34 2
17 35 1
17 36 8
17 37 9
17 38 6
17 39 2
17 40 4
17 41 7
17 42 1
17 43 5
17 44 4
17 45 8
17 46 4
17 47 9
17 48 3
17 49 5
17 50 8
17 51 2
17 52 3
17 53 3
17 54 2
17 55 5
17 56 6
17 57 6
17 58 10
17 59 5
17 60 5
17 61 7
17 62 9
17 63 6
17 64 6
17 65 9
17 66 6
17 67 2
17 68 6
17 69 1
17 70 10
17 71 4
17 72 7
17 73 7
17 74 10
17 75 1
17 76 3
17 77 1
17 78 3
17 79 7
17 80 7
17 81 1
17 82 9
17 83 8
17 84 3
17 85 8
17 86 10
17 87 8
17 88 6
17 89 2
17 90 5
17 91 2
17 92 3
17 93 6
17 94 2
17 95 7
17 96 6
17 97 7
17 98 5
17 99 7
18 19 5
18 20 6
18 21 3
18 22 3
18 23 10
18 24 2
18 25 9
18 26 3
18 27 5
18 28 10
18 29 7
18 30 4
18 31 3
18 32 2
18 33 6
18 34 7
18 35 9
18 36 5
18 37 2
18 38 5
18 39 9
18 40 8
18 41 7
18 42 2
18 43 6
18 44 2
18 45 6
18 46 1
18 47 7
18 48 5
18 49 4
18 50 2
18 51 8
18 52 9
18 53 3
18 54 5
18 55 1
18 56 9
18 57 8
18 58 3
18 59 10
18 60 3
18 61 2
18 62 5
18 63 9
18 64 4
18 65 2
18 66 1
18 67 3
18 68 10
18 69 9
18 70 6
18 71 10
18 72 6
18 73 2
18 74 4
18 75 3
18 76 9
18 77 10
18 78 3
18 79 2
18 80 9
18 81 4
18 82 2
18 83 4
18 84 2
18 85 3
18 86 9
18 87 5
18 88 2
18 89 2
18 90 6
18 91 9
18 92 8
18 93 3
18 94 2
18 95 5
18 96 1
18 97 3
18 98 7
18 99 6
19 20 2
19 21 9
19 22 8
19 23 2
19 24 6
19 25 2
19 26 8
19 27 10
19 28 8
19 29 3
19 30 1
19 31 1
19 32 2
19 33 8
19 34 4
19 35 2
19 36 10
19 37 9
19 38 10
19 39 7
19 40 6
19 41 6
19 42 8
19 43 8
19 44 1
19 45 10
19 46 2
19 47 2
19 48 3
19 49 5
19 50 9
19 51 8
19 52 3
19 53 1
19 54 9
19 55 6
19 56 1
19 57 3
19 58 1
19 59 6
19 60 4
19 61 4
19 62 8
19 63 6
19 64 2
19 65 7
19 66 7
19 67 10
19 68 9
19 69 10
19 70 10
19 71 5
19 72 8
19 73 7
19 74 4
19 75 10
19 76 5
19 77 10
19 78 7
19 79 8
19 80 6
19 81 10
19 82 4
19 83 4
19 84 10
19 85 8
19 86 9
19 87 8
19 88 9
19 89 10
19 90 4
19 91 10
19 92 5
19 93 9
19 94 8
19 95 4
19 96 9
19 97 7
19 98 2
19 99 10
20 21 10
20 22 8
20 23 3
20 24 8
20 25 10
20 26 6
20 27 9
20 28 4
20 29 1
20 30 6
20 31 10
20 32 2
20 33 9
20 34 6
20 35 3
20 36 6
20 37 7
20 38 2
20 39 6
20 40 4
20 41 10
20 42 5
20 43 2
20 44 3
20 45 10
20 46 10
20 47 2
20 48 1
20 49 4
20 50 2
20 51 3
20 52 3
20 53 5
20 54 9
20 55 5
20 56 5
20 57 5
20 58 1
20 59 5
20 60 2
20 61 7
20 62 7
20 63 3
20 64 4
20 65 8
20 66 6
20 67 3
20 68 10
20 69 6
20 70 1
20 71 6
20 72 10
20 73 4
20 74 10
20 75 7
20 76 6
20 77 2
20 78 9
20 79 1
20 80 2
20 81 9
20 82 10
20 83 10
20 84 9
20 85 6
20 86 2
20 87 4
20 88 10
20 89 2
20 90 8
20 91 4
20 92 8
20 93 7
20 94 10
20 95 10
20 96 1
20 97 10
20 98 3
20 99 1
21 22 9
21 23 5
21 24 5
21 25 10
21 26 4
21 27 5
21 28 4
21 29 1
21 30 2
21 31 1
21 32 5
21 33 1
21 34 2
21 35 9
21 36 9
21 37 7
21 38 6
21 39 7
21 40 9
21 41 5
21 42 9
21 43 10
21 44 3
21 45 5
21 46 9
21 47 6
21 48 2
21 49 10
21 50 2
21 51 7
21 52 7
21 53 4
21 54 3
21 55 2
21 56 10
21 57 4
21 58 7
21 59 9
21 60 5
21 61 1
21 62 3
21 63 7
21 64 10
21 65 6
21 66 2
21 67 5
21 68 2
21 69 7
21 70 10
21 71 3
21 72 2
21 73 7
21 74 9
21 75 7
21 76 7
21 77 8
21 78 5
21 79 8
21 80 1
21 81 1
21 82 9
21 83 8
21 84 7
21 85 3
21 86 2
21 87 4
21 88 3
21 89 3
21 90 7
21 91 5
21 92 4
21 93 10
21 94 8
21 95 7
21 96 10
21 97 10
21 98 10
21 99 5
22 23 5
22 24 9
22 25 1
22 26 4
22 27 2
22 28 7
22 29 8
22 30 6
22 31 10
22 32 6
22 33 9
22 34 8
22 35 8
22 36 2
22 37 4
22 38 6
22 39 8
22 40 4
22 41 4
22 42 8
22 43 3
22 44 10
22 45 5
22 46 4
22 47 5
22 48 2
22 49 5
22 50 4
22 51 1
22 52 5
22 53 3
22 54 10
22 55 1
22 56 1
22 57 7
22 58 1
22 59 3
22 60 8
22 61 8
22 62 9
22 63 1
22 64 2
22 65 1
22 66 2
22 67 4
22 68 3
22 69 7
22 70 7
22 71 4
22 72 2
22 73 5
22 74 5
22 75 2
22 76 5
22 77 6
22 78 3
22 79 5
22 80 8
22 81 10
22 82 4
22 83 3
22 84 4
22 85 5
22 86 5
22 87 10
22 88 7
22 89 10
22 90 8
22 91 3
22 92 6
22 93 10
22 94 9
22 95 10
22 96 10
22 97 6
22 98 10
22 99 10
23 24 5
23 25 6
23 26 10
23 27 5
23 28 1
23 29 8
23 30 8
23 31 10
23 32 9
23 33 6
23 34 2
23 35 4
23 36 10
23 37 7
23 38 4
23 39 2
23 40 6
23 41 3
23 42 7
23 43 1
23 44 8
23 45 9
23 46 8
23 47 6
23 48 8
23 49 3
23 50 2
23 51 2
23 52 7
23 53 8
23 54 10
23 55 9
23 56 5
23 57 9
23 58 8
23 59 10
23 60 9
23 61 4
23 62 4
23 63 10
23 64 8
23 65 8
23 66 5
23 67 2
23 68 3
23 69 10
23 70 6
23 71 1
23 72 1
23 73 3
23 74 4
23 75 3
23 76 9
23 77 4
23 78 6
23 79 7
23 80 5
23 81 8
23 82 6
23 83 7
23 84 3
23 85 7
23 86 7
23 87 7
23 88 6
23 89 6
23 90 7
23 91 6
23 92 1
23 93 7
23 94 1
23 95 1
23 96 9
23 97 10
23 98 2
23 99 1
24 25 10
24 26 1
24 27 7
24 28 8
24 29 1
24 30 10
24 31 2
24 32 3
24 33 7
24 34 10
24 35 8
24 36 1
24 37 10
24 38 7
24 39 8
24 40 7
24 41 8
24 42 6
24 43 4
24 44 3
24 45 8
24 46 2
24 47 9
24 48 6
24 49 6
24 50 10
24 51 8
24 52 1
24 53 4
24 54 5
24 55 4
24 56 6
24 57 5
24 58 3
24 59 7
24 60 10
24 61 2
24 62 10
24 63 5
24 64 6
24 65 10
24 66 1
24 67 2
24 68 2
24 69 8
24 70 6
24 71 1
24 72 10
24 73 10
24 74 3
24 75 1
24 76 4
24 77 1
24 78 1
24 79 7
24 80 9
24 81 8
24 82 3
24 83 3
24 84 6
24 85 10
24 86 7
24 87 4
24 88 9
24 89 3
24 90 1
24 91 2
24 92 3
24 93 5
24 94 6
24 95 5
24 96 2
24 97 7
24 98 9
24 99 7
25 26 5
25 27 6
25 28 6
25 29 5
25 30 8
25 31 9
25 32 5
25 33 8
25 34 5
25 35 2
25 36 5
25 37 3
25 38 1
25 39 5
25 40 6
25 41 7
25 42 5
25 43 10
25 44 7
25 45 2
25 46 1
25 47 5
25 48 3
25 49 10
25 50 10
25 51 7
25 52 10
25 53 8
25 54 3
25 55 2
25 56 10
25 57 3
25 58 9
25 59 4
25 60 10
25 61 9
25 62 5
25 63 1
25 64 2
25 65 8
25 66 4
25 67 2
25 68 4
25 69 5
25 70 10
25 71 7
25 72 1
25 73 3
25 74 1
25 75 6
25 76 3
25 77 1
25 78 6
25 79 5
25 80 6
25 81 8
25 82 6
25 83 8
25 84 7
25 85 10
25 86 5
25 87 10
25 88 10
25 89 5
25 90 5
25 91 10
25 92 6
25 93 4
25 94 6
25 95 3
25 96 2
25 97 1
25 98 5
25 99 2
26 27 4
26 28 10
26 29 9
26 30 6
26 31 3
26 32 7
26 33 7
26 34 5
26 35 10
26 36 8
26 37 8
26 38 7
26 39 10
26 40 10
26 41 7
26 42 1
26 43 1
26 44 6
26 45 4
26 46 2
26 47 8
26 48 3
26 49 5
26 50 5
26 51 6
26 52 6
26 53 2
26 54 5
26 55 10
26 56 9
26 57 10
26 58 4
26 59 9
26 60 1
26 61 10
26 62 9
26 63 4
26 64 6
26 65 1
26 66 7
26 67 10
26 68 4
26 69 10
26 70 10
26 71 8
26 72 6
26 73 8
26 74 6
26 75 10
26 76 10
26 77 2
26 78 9
26 79 6
26 80 3
26 81 3
26 82 4
26 83 6
26 84 5
26 85 8
26 86 8
26 87 1
26 88 7
26 89 4
26 90 2
26 91 4
26 92 10
26 93 6
26 94 8
26 95 2
26 96 6
26 97 8
26 98 7
26 99 4
27 28 9
27 29 3
27 30 9
27 31 10
27 32 9
27 33 6
27 34 9
27 35 8
27 36 6
27 37 10
27 38 2
27 39 10
27 40 3
27 41 1
27 42 4
27 43 3
27 44 1
27 45 2
27 46 8
27 47 4
27 48 6
27 49 3
27 50 9
27 51 6
27 52 2
27 53 3
27 54 2
27 55 7
27 56 1
27 57 4
27 58 1
27 59 9
27 60 6
27 61 1
27 62 5
27 63 1
27 64 1
27 65 3
27 66 5
27 67 8
27 68 4
27 69 8
27 70 10
27 71 5
27 72 1
27 73 7
27 74 10
27 75 8
27 76 7
27 77 6
27 78 5
27 79 1
27 80 9
27 81 9
27 82 3
27 83 4
27 84 10
27 85 6
27 86 1
27 87 2
27 88 10
27 89 3
27 90 4
27 91 10
27 92 8
27 93 1
27 94 7
27 95 1
27 96 9
27 97 10
27 98 3
27 99 4
28 29 3
28 30 6
28 31 1
28 32 10
28 33 7
28 34 3
28 35 5
28 36 6
28 37 5
28 38 7
28 39 6
28 40 3
28 41 7
28 42 7
28 43 2
28 44 8
28 45 10
28 46 8
28 47 7
28 48 6
28 49 2
28 50 1
28 51 10
28 52 10
28 53 8
28 54 1
28 55 9
28 56 5
28 57 8
28 58 3
28 59 4
28 60 10
28 61 4
28 62 8
28 63 9
28 64 4
28 65 7
28 66 2
28 67 5
28 68 3
28 69 2
28 70 5
28 71 6
28 72 5
28 73 9
28 74 4
28 75 4
28 76 6
28 77 6
28 78 9
28 79 1
28 80 2
28 81 3
28 82 2
28 83 8
28 84 3
28 85 4
28 86 5
28 87 10
28 88 6
28 89 1
28 90 8
28 91 9
28 92 8
28 93 9
28 94 4
28 95 9
28 96 7
28 97 10
28 98 1
28 99 6
29 30 10
29 31 3
29 32 9
29 33 7
29 34 7
29 35 3
29 36 2
29 37 7
29 38 5
29 39 10
29 40 4
29 41 9
29 42 9
29 43 8
29 44 2
29 45 10
29 46 7
29 47 2
29 48 8
29 49 2
29 50 9
29 51 10
29 52 10
29 53 10
29 54 5
29 55 6
29 56 2
29 57 10
29 58 1
29 59 9
29 60 8
29 61 6
29 62 8
29 63 4
29 64 1
29 65 7
29 66 9
29 67 3
29 68 2
29 69 3
29 70 4
29 71 4
29 72 8
29 73 5
29 74 1
29 75 10
29 76 10
29 77 2
29 78 7
29 79 10
29 80 8
29 81 6
29 82 7
29 83 1
29 84 6
29 85 3
29 86 5
29 87 5
29 88 2
29 89 5
29 90 7
29 91 3
29 92 9
29 93 4
29 94 10
29 95 2
29 96 2
29 97 10
29 98 6
29 99 6
30 31 1
30 32 8
30 33 1
30 34 1
30 35 7
30 36 4
30 37 9
30 38 6
30 39 6
30 40 4
30 41 7
30 42 10
30 43 4
30 44 4
30 45 1
30 46 9
30 47 1
30 48 7
30 49 4
30 50 9
30 51 9
30 52 1
30 53 4
30 54 10
30 55 5
30 56 6
30 57 1
30 58 7
30 59 1
30 60 9
30 61 5
30 62 3
30 63 1
30 64 7
30 65 4
30 66 2
30 67 7
30 68 1
30 69 3
30 70 4
30 71 1
30 72 9
30 73 9
30 74 5
30 75 1
30 76 8
30 77 2
30 78 2
30 79 2
30 80 3
30 81 4
30 82 2
30 83 6
30 84 8
30 85 4
30 86 3
30 87 2
30 88 8
30 89 5
30 90 6
30 91 1
30 92 2
30 93 8
30 94 8
30 95 4
30 96 9
30 97 8
30 98 8
30 99 1
31 32 9
31 33 1
31 34 3
31 35 1
31 36 2
31 37 8
31 38 5
31 39 7
31 40 3
31 41 8
31 42 3
31 43 2
31 44 6
31 45 3
31 46 3
31 47 9
31 48 6
31 49 1
31 50 3
31 51 1
31 52 1
31 53 1
31 54 8
31 55 1
31 56 5
31 57 3
31 58 1
31 59 8
31 60 4
31 61 9
31 62 6
31 63 1
31 64 5
31 65 10
31 66 7
31 67 6
31 68 1
31 69 1
31 70 7
31 71 7
31 72 3
31 73 9
31 74 9
31 75 10
31 76 1
31 77 6
31 78 6
31 79 1
31 80 3
31 81 10
31 82 5
31 83 1
31 84 10
31 85 7
31 86 10
31 87 8
31 88 10
31 89 5
31 90 5
31 91 1
31 92 3
31 93 7
31 94 2
31 95 7
31 96 4
31 97 9
31 98 2
31 99 1
32 33 3
32 34 9
32 35 1
32 36 7
32 37 10
32 38 6
32 39 5
32 40 6
32 41 9
32 42 5
32 43 5
32 44 5
32 45 3
32 46 10
32 47 4
32 48 2
32 49 5
32 50 7
32 51 9
32 52 3
32 53 8
32 54 10
32 55 7
32 56 4
32 57 4
32 58 4
32 59 10
32 60 8
32 61 7
32 62 9
32 63 4
32 64 4
32 65 3
32 66 10
32 67 6
32 68 2
32 69 8
32 70 7
32 71 3
32 72 10
32 73 3
32 74 6
32 75 7
32 76 9
32 77 10
32 78 3
32 79 10
32 80 4
32 81 10
32 82 2
32 83 4
32 84 2
32 85 7
32 86 2
32 87 9
32 88 1
32 89 2
32 90 3
32 91 4
32 92 10
32 93 6
32 94 4
32 95 9
32 96 6
32 97 3
32 98 7
32 99 4
33 34 5
33 35 5
33 36 6
33 37 1
33 38 3
33 39 5
33 40 4
33 41 6
33 42 10
33 43 8
33 44 10
33 45 8
33 46 10
33 47 1
33 48 3
33 49 4
33 50 8
33 51 10
33 52 6
33 53 5
33 54 9
33 55 2
33 56 1
33 57 2
33 58 8
33 59 9
33 60 8
33 61 4
33 62 5
33 63 3
33 64 2
33 65 8
33 66 7
33 67 9
33 68 7
33 69 8
33 70 5
33 71 4
33 72 4
33 73 8
33 74 1
33 75 9
33 76 10
33 77 8
33 78 6
33 79 10
33 80 10
33 81 8
33 82 1
33 83 8
33 84 3
33 85 8
33 86 10
33 87 6
33 88 5
33 89 9
33 90 4
33 91 2
33 92 10
33 93 9
33 94 10
33 95 8
33 96 5
33 97 10
33 98 7
33 99 10
34 35 4
34 36 5
34 37 5
34 38 8
34 39 8
34 40 3
34 41 8
34 42 8
34 43 2
34 44 4
34 45 1
34 46 1
34 47 2
34 48 3
34 49 2
34 50 7
34 51 2
34 52 8
34 53 8
34 54 4
34 55 1
34 56 8
34 57 9
34 58 2
34 59 8
34 60 4
34 61 9
34 62 3
34 63 8
34 64 9
34 65 10
34 66 8
34 67 5
34 68 10
34 69 8
34 70 2
34 71 1
34 72 8
34 73 6
34 74 1
34 75 3
34 76 3
34 77 10
34 78 1
34 79 3
34 80 3
34 81 3
34 82 4
34 83 10
34 84 1
34 85 3
34 86 5
34 87 5
34 88 1
34 89 8
34 90 2
34 91 5
34 92 4
34 93 9
34 94 2
34 95 10
34 96 8
34 97 5
34 98 2
34 99 7
35 36 3
35 37 10
35 38 7
35 39 2
35 40 8
35 41 6
35 42 5
35 43 7
35 44 3
35 45 2
35 46 9
35 47 3
35 48 9
35 49 9
35 50 8
35 51 6
35 52 7
35 53 6
35 54 2
35 55 3
35 56 5
35 57 4
35 58 2
35 59 8
35 60 9
35 61 4
35 62 2
35 63 7
35 64 8
35 65 4
35 66 10
35 67 5
35 68 2
35 69 6
35 70 4
35 71 7
35 72 4
35 73 3
35 74 2
35 75 2
35 76 8
35 77 3
35 78 2
35 79 1
35 80 10
35 81 2
35 82 6
35 83 4
35 84 10
35 85 6
35 86 7
35 87 9
35 88 4
35 89 6
35 90 9
35 91 5
35 92 9
35 93 2
35 94 9
35 95 7
35 96 6
35 97 9
35 98 3
35 99 8
36 37 3
36 38 10
36 39 9
36 40 10
36 41 3
36 42 9
36 43 1
36 44 2
36 45 8
36 46 3
36 47 3
36 48 6
36 49 8
36 50 8
36 51 3
36 52 6
36 53 1
36 54 8
36 55 3
36 56 10
36 57 6
36 58 4
36 59 10
36 60 7
36 61 3
36 62 10
36 63 8
36 64 7
36 65 5
36 66 4
36 67 9
36 68 5
36 69 9
36 70 4
36 71 5
36 72 6
36 73 3
36 74 5
36 75 1
36 76 9
36 77 3
36 78 3
36 79 4
36 80 1
36 81 8
36 82 5
36 83 6
36 84 8
36 85 2
36 86 10
36 87 7
36 88 9
36 89 6
36 90 8
36 91 3
36 92 4
36 93 1
36 94 3
36 95 8
36 96 1
36 97 10
36 98 1
36 99 7
37 38 8
37 39 4
37 40 4
37 41 3
37 42 2
37 43 10
37 44 3
37 45 8
37 46 3
37 47 5
37 48 2
37 49 4
37 50 2
37 51 1
37 52 10
37 53 5
37 54 2
37 55 7
37 56 2
37 57 2
37 58 1
37 59 9
37 60 7
37 61 6
37 62 4
37 63 10
37 64 9
37 65 3
37 66 7
37 67 5
37 68 7
37 69 6
37 70 6
37 71 8
37 72 5
37 73 4
37 74 3
37 75 4
37 76 2
37 77 8
37 78 6
37 79 8
37 80 9
37 81 2
37 82 4
37 83 8
37 84 5
37 85 4
37 86 10
37 87 7
37 88 7
37 89 2
37 90 6
37 91 5
37 92 1
37 93 2
37 94 10
37 95 10
37 96 9
37 97 8
37 98 2
37 99 8
38 39 9
38 40 7
38 41 9
38 42 1
38 43 3
38 44 2
38 45 8
38 46 4
38 47 6
38 48 3
38 49 8
38 50 8
38 51 7
38 52 5
38 53 5
38 54 9
38 55 3
38 56 2
38 57 10
38 58 8
38 59 10
38 60 5
38 61 2
38 62 9
38 63 2
38 64 9
38 65 1
38 66 6
38 67 4
38 68 1
38 69 7
38 70 6
38 71 8
38 72 8
38 73 8
38 74 1
38 75 9
38 76 5
38 77 1
38 78 10
38 79 3
38 80 6
38 81 6
38 82 9
38 83 9
38 84 9
38 85 3
38 86 5
38 87 1
38 88 7
38 89 8
38 90 2
38 91 10
38 92 6
38 93 1
38 94 9
38 95 4
38 96 2
38 97 6
38 98 2
38 99 1
39 40 10
39 41 9
39 42 3
39 43 8
39 44 2
39 45 3
39 46 8
39 47 9
39 48 7
39 49 9
39 50 5
39 51 8
39 52 8
39 53 7
39 54 1
39 55 2
39 56 2
39 57 4
39 58 10
39 59 10
39 60 10
39 61 1
39 62 2
39 63 5
39 64 5
39 65 10
39 66 5
39 67 5
39 68 3
39 69 5
39 70 1
39 71 7
39 72 7
39 73 1
39 74 4
39 75 3
39 76 1
39 77 2
39 78 3
39 79 9
39 80 4
39 81 3
39 82 5
39 83 2
39 84 8
39 85 10
39 86 8
39 87 1
39 88 3
39 89 6
39 90 7
39 91 8
39 92 2
39 93 2
39 94 9
39 95 10
39 96 4
39 97 1
39 98 1
39 99 2
40 41 3
40 42 3
40 43 10
40 44 10
40 45 3
40 46 3
40 47 4
40 48 2
40 49 5
40 50 4
40 51 7
40 52 7
40 53 4
40 54 10
40 55 7
40 56 6
40 57 2
40 58 1
40 59 1
40 60 5
40 61 7
40 62 9
40 63 7
40 64 2
40 65 4
40 66 1
40 67 4
40 68 3
40 69 2
40 70 2
40 71 6
40 72 5
40 73 10
40 74 10
40 75 7
40 76 5
40 77 9
40 78 10
40 79 5
40 80 4
40 81 4
40 82 6
40 83 6
40 84 3
40 85 2
40 86 8
40 87 7
40 88 6
40 89 10
40 90 6
40 91 7
40 92 2
40 93 7
40 94 8
40 95 4
40 96 2
40 97 5
40 98 6
40 99 4
41 42 4
41 43 1
41 44 1
41 45 4
41 46 4
41 47 8
41 48 1
41 49 7
41 50 7
41 51 10
41 52 8
41 53 1
41 54 10
41 55 5
41 56 9
41 57 10
41 58 7
41 59 9
41 60 6
41 61 9
41 62 5
41 63 6
41 64 3
41 65 4
41 66 9
41 67 3
41 68 5
41 69 9
41 70 8
41 71 1
41 72 6
41 73 10
41 74 4
41 75 10
41 76 5
41 77 4
41 78 1
41 79 1
41 80 9
41 81 2
41 82 6
41 83 5
41 84 3
41 85 9
41 86 1
41 87 1
41 88 2
41 89 2
41 90 2
41 91 5
41 92 6
41 93 6
41 94 1
41 95 9
41 96 6
41 97 4
41 98 5
41 99 5
42 43 5
42 44 6
42 45 7
42 46 7
42 47 5
42 48 8
42 49 6
42 50 9
42 51 5
42 52 1
42 53 8
42 54 7
42 55 4
42 56 3
42 57 9
42 58 9
42 59 10
42 60 7
42 61 7
42 62 9
42 63 7
42 64 1
42 65 3
42 66 7
42 67 2
42 68 7
42 69 8
42 70 3
42 71 1
42 72 9
42 73 7
42 74 6
42 75 8
42 76 9
42 77 7
42 78 4
42 79 6
42 80 10
42 81 3
42 82 9
42 83 5
42 84 10
42 85 7
42 86 3
42 87 6
42 88 1
42 89 10
42 90 7
42 91 8
42 92 5
42 93 2
42 94 3
42 95 5
42 96 6
42 97 3
42 98 9
42 99 4
43 44 5
43 45 3
43 46 8
43 47 2
43 48 4
43 49 4
43 50 1
43 51 6
43 52 8
43 53 10
43 54 3
43 55 4
43 56 3
43 57 2
43 58 3
43 59 4
43 60 10
43 61 1
43 62 9
43 63 9
43 64 8
43 65 6
43 66 5
43 67 7
43 68 1
43 69 7
43 70 5
43 71 1
43 72 7
43 73 10
43 74 10
43 75 1
43 76 5
43 77 9
43 78 7
43 79 1
43 80 3
43 81 5
43 82 4
43 83 10
43 84 3
43 85 8
43 86 3
43 87 4
43 88 4
43 89 9
43 90 10
43 91 10
43 92 1
43 93 6
43 94 4
43 95 8
43 96 7
43 97 4
43 98 9
43 99 8
44 45 6
44 46 1
44 47 3
44 48 3
44 49 5
44 50 2
44 51 4
44 52 10
44 53 10
44 54 4
44 55 5
44 56 6
44 57 3
44 58 8
44 59 1
44 60 3
44 61 10
44 62 8
44 63 7
44 64 8
44 65 10
44 66 2
44 67 3
44 68 5
44 69 7
44 70 6
44 71 9
44 72 7
44 73 9
44 74 4
44 75 4
44 76 10
44 77 1
44 78 1
44 79 7
44 80 5
44 81 2
44 82 5
44 83 7
44 84 10
44 85 8
44 86 9
44 87 1
44 88 2
44 89 4
44 90 8
44 91 2
44 92 3
44 93 8
44 94 8
44 95 7
44 96 7
44 97 6
44 98 7
44 99 7
45 46 9
45 47 5
45 48 8
45 49 5
45 50 8
45 51 3
45 52 6
45 53 2
45 54 6
45 55 2
45 56 4
45 57 8
45 58 5
45 59 2
45 60 5
45 61 2
45 62 3
45 63 4
45 64 6
45 65 5
45 66 4
45 67 10
45 68 9
45 69 1
45 70 2
45 71 10
45 72 10
45 73 7
45 74 2
45 75 7
45 76 4
45 77 1
45 78 10
45 79 10
45 80 9
45 81 9
45 82 1
45 83 8
45 84 4
45 85 6
45 86 6
45 87 3
45 88 3
45 89 2
45 90 2
45 91 3
45 92 2
45 93 6
45 94 8
45 95 8
45 96 7
45 97 1
45 98 7
45 99 7
46 47 9
46 48 6
46 49 9
46 50 10
46 51 7
46 52 1
46 53 6
46 54 7
46 55 6
46 56 3
46 57 1
46 58 8
46 59 6
46 60 8
46 61 2
46 62 9
46 63 5
46 64 7
46 65 8
46 66 1
46 67 10
46 68 1
46 69 6
46 70 6
46 71 10
46 72 5
46 73 2
46 74 6
46 75 4
46 76 8
46 77 7
46 78 9
46 79 4
46 80 1
46 81 10
46 82 6
46 83 8
46 84 3
46 85 9
46 86 10
46 87 9
46 88 6
46 89 3
46 90 5
46 91 4
46 92 8
46 93 2
46 94 7
46 95 7
46 96 6
46 97 2
46 98 9
46 99 7
47 48 6
47 49 8
47 50 3
47 51 9
47 52 3
47 53 2
47 54 4
47 55 1
47 56 6
47 57 4
47 58 10
47 59 6
47 60 2
47 61 9
47 62 9
47 63 7
47 64 4
47 65 5
47 66 4
47 67 4
47 68 8
47 69 6
47 70 8
47 71 5
47 72 2
47 73 10
47 74 9
47 75 10
47 76 5
47 77 3
47 78 4
47 79 6
47 80 2
47 81 2
47 82 1
47 83 9
47 84 9
47 85 5
47 86 4
47 87 1
47 88 2
47 89 8
47 90 10
47 91 1
47 92 4
47 93 3
47 94 2
47 95 7
47 96 9
47 97 1
47 98 2
47 99 3
48 49 8
48 50 8
48 51 7
48 52 8
48 53 5
48 54 2
48 55 4
48 56 9
48 57 6
48 58 1
48 59 1
48 60 6
48 61 3
48 62 9
48 63 2
48 64 5
48 65 8
48 66 5
48 67 6
48 68 10
48 69 10
48 70 7
48 71 9
48 72 9
48 73 3
48 74 8
48 75 5
48 76 6
48 77 7
48 78 9
48 79 3
48 80 5
48 81 4
48 82 1
48 83 9
48 84 1
48 85 10
48 86 9
48 87 1
48 88 9
48 89 7
48 90 1
48 91 2
48 92 1
48 93 2
48 94 10
48 95 2
48 96 3
48 97 2
48 98 5
48 99 7
49 50 1
49 51 3
49 52 1
49 53 7
49 54 1
49 55 2
49 56 8
49 57 5
49 58 4
49 59 4
49 60 1
49 61 2
49 62 8
49 63 7
49 64 9
49 65 4
49 66 5
49 67 10
49 68 6
49 69 6
49 70 3
49 71 1
49 72 9
49 73 9
49 74 9
49 75 1
49 76 6
49 77 2
49 78 1
49 79 10
49 80 10
49 81 8
49 82 6
49 83 9
49 84 2
49 85 9
49 86 4
49 87 2
49 88 3
49 89 1
49 90 8
49 91 3
49 92 5
49 93 4
49 94 7
49 95 10
49 96 8
49 97 2
49 98 10
49 99 6
50 51 4
50 52 8
50 53 4
50 54 8
50 55 3
50 56 8
50 57 9
50 58 4
50 59 6
50 60 3
50 61 7
50 62 9
50 63 5
50 64 9
50 65 6
50 66 5
50 67 7
50 68 9
50 69 3
50 70 3
50 71 5
50 72 1
50 73 9
50 74 3
50 75 4
50 76 9
50 77 7
50 78 6
50 79 10
50 80 10
50 81 7
50 82 5
50 83 7
50 84 2
50 85 3
50 86 10
50 87 5
50 88 2
50 89 9
50 90 9
50 91 5
50 92 8
50 93 6
50 94 8
50 95 3
50 96 7
50 97 2
50 98 7
50 99 6
51 52 6
51 53 6
51 54 5
51 55 7
51 56 5
51 57 4
51 58 2
51 59 10
51 60 3
51 61 2
51 62 8
51 63 6
51 64 10
51 65 4
51 66 1
51 67 3
51 68 4
51 69 8
51 70 3
51 71 9
51 72 9
51 73 8
51 74 4
51 75 8
51 76 4
51 77 2
51 78 9
51 79 10
51 80 2
51 81 6
51 82 8
51 83 4
51 84 3
51 85 6
51 86 5
51 87 10
51 88 6
51 89 5
51 90 3
51 91 9
51 92 8
51 93 5
51 94 5
51 95 10
51 96 4
51 97 3
51 98 10
51 99 7
52 53 8
52 54 10
52 55 5
52 56 3
52 57 9
52 58 9
52 59 7
52 60 3
52 61 8
52 62 6
52 63 4
52 64 6
52 65 2
52 66 2
52 67 9
52 68 5
52 69 2
52 70 9
52 71 9
52 72 9
52 73 2
52 74 8
52 75 10
52 76 4
52 77 7
52 78 3
52 79 8
52 80 1
52 81 5
52 82 5
52 83 6
52 84 4
52 85 3
52 86 1
52 87 5
52 88 1
52 89 4
52 90 3
52 91 2
52 92 8
52 93 7
52 94 8
52 95 4
52 96 8
52 97 6
52 98 1
52 99 9
53 54 9
53 55 5
53 56 8
53 57 3
53 58 1
53 59 10
53 60 7
53 61 2
53 62 3
53 63 4
53 64 7
53 65 10
53 66 9
53 67 9
53 68 4
53 69 3
53 70 9
53 71 2
53 72 3
53 73 7
53 74 4
53 75 1
53 76 4
53 77 10
53 78 8
53 79 8
53 80 4
53 81 2
53 82 1
53 83 10
53 84 2
53 85 10
53 86 8
53 87 9
53 88 1
53 89 2
53 90 8
53 91 3
53 92 4
53 93 6
53 94 9
53 95 4
53 96 2
53 97 8
53 98 10
53 99 5
54 55 4
54 56 3
54 57 1
54 58 2
54 59 9
54 60 1
54 61 6
54 62 9
54 63 7
54 64 5
54 65 10
54 66 4
54 67 9
54 68 7
54 69 4
54 70 10
54 71 10
54 72 5
54 73 9
54 74 9
54 75 4
54 76 7
54 77 3
54 78 6
54 79 8
54 80 1
54 81 5
54 82 9
54 83 2
54 84 3
54 85 8
54 86 9
54 87 8
54 88 7
54 89 9
54 90 5
54 91 5
54 92 5
54 93 3
54 94 7
54 95 6
54 96 5
54 97 4
54 98 9
54 99 3
55 56 10
55 57 7
55 58 5
55 59 7
55 60 6
55 61 9
55 62 3
55 63 5
55 64 7
55 65 5
55 66 7
55 67 6
55 68 3
55 69 3
55 70 7
55 71 4
55 72 3
55 73 6
55 74 3
55 75 7
55 76 7
55 77 6
55 78 2
55 79 5
55 80 10
55 81 7
55 82 10
55 83 6
55 84 4
55 85 6
55 86 3
55 87 8
55 88 6
55 89 8
55 90 6
55 91 3
55 92 8
55 93 9
55 94 2
55 95 1
55 96 5
55 97 6
55 98 1
55 99 1
56 57 3
56 58 10
56 59 4
56 60 3
56 61 2
56 62 7
56 63 4
56 64 8
56 65 5
56 66 6
56 67 9
56 68 6
56 69 10
56 70 2
56 71 9
56 72 4
56 73 9
56 74 3
56 75 2
56 76 7
56 77 4
56 78 10
56 79 6
56 80 8
56 81 9
56 82 8
56 83 1
56 84 9
56 85 8
56 86 1
56 87 7
56 88 4
56 89 3
56 90 3
56 91 8
56 92 10
56 93 9
56 94 4
56 95 1
56 96 2
56 97 10
56 98 7
56 99 2
57 58 2
57 59 1
57 60 3
57 61 8
57 62 9
57 63 4
57 64 4
57 65 1
57 66 6
57 67 1
57 68 8
57 69 10
57 70 2
57 71 10
57 72 2
57 73 5
57 74 6
57 75 2
57 76 7
57 77 1
57 78 8
57 79 2
57 80 5
57 81 9
57 82 4
57 83 2
57 84 5
57 85 5
57 86 3
57 87 4
57 88 6
57 89 1
57 90 9
57 91 6
57 92 7
57 93 5
57 94 5
57 95 6
57 96 2
57 97 8
57 98 2
57 99 6
58 59 2
58 60 1
58 61 9
58 62 6
58 63 2
58 64 5
58 65 5
58 66 6
58 67 9
58 68 1
58 69 9
58 70 5
58 71 2
58 72 4
58 73 2
58 74 4
58 75 3
58 76 10
58 77 7
58 78 6
58 79 6
58 80 6
58 81 7
58 82 1
58 83 8
58 84 4
58 85 9
58 86 6
58 87 6
58 88 3
58 89 10
58 90 5
58 91 4
58 92 8
58 93 9
58 94 8
58 95 3
58 96 3
58 97 5
58 98 5
58 99 2
59 60 10
59 61 1
59 62 5
59 63 7
59 64 5
59 65 3
59 66 8
59 67 5
59 68 7
59 69 7
59 70 2
59 71 9
59 72 2
59 73 3
59 74 9
59 75 8
59 76 9
59 77 3
59 78 7
59 79 10
59 80 6
59 81 10
59 82 2
59 83 3
59 84 1
59 85 10
59 86 2
59 87 4
59 88 6
59 89 1
59 90 4
59 91 2
59 92 9
59 93 4
59 94 8
59 95 3
59 96 3
59 97 9
59 98 9
59 99 9
60 61 2
60 62 1
60 63 6
60 64 8
60 65 3
60 66 9
60 67 4
60 68 2
60 69 3
60 70 5
60 71 5
60 72 7
60 73 9
60 74 6
60 75 8
60 76 8
60 77 2
60 78 8
60 79 5
60 80 9
60 81 3
60 82 3
60 83 3
60 84 7
60 85 4
60 86 8
60 87 4
60 88 5
60 89 9
60 90 3
60 91 7
60 92 7
60 93 9
60 94 7
60 95 8
60 96 6
60 97 2
60 98 6
60 99 7
61 62 6
61 63 6
61 64 1
61 65 2
61 66 1
61 67 3
61 68 5
61 69 10
61 70 7
61 71 9
61 72 1
61 73 7
61 74 6
61 75 2
61 76 5
61 77 6
61 78 10
61 79 5
61 80 8
61 81 1
61 82 10
61 83 5
61 84 9
61 85 5
61 86 2
61 87 6
61 88 7
61 89 7
61 90 4
61 91 7
61 92 2
61 93 3
61 94 6
61 95 5
61 96 1
61 97 2
61 98 9
61 99 8
62 63 10
62 64 5
62 65 5
62 66 1
62 67 4
62 68 4
62 69 8
62 70 6
62 71 6
62 72 10
62 73 9
62 74 7
62 75 5
62 76 6
62 77 8
62 78 7
62 79 9
62 80 1
62 81 7
62 82 2
62 83 6
62 84 10
62 85 5
62 86 10
62 87 4
62 88 4
62 89 6
62 90 5
62 91 3
62 92 10
62 93 9
62 94 9
62 95 8
62 96 2
62 97 7
62 98 6
62 99 10
63 64 1
63 65 6
63 66 8
63 67 2
63 68 1
63 69 5
63 70 5
63 71 5
63 72 3
63 73 5
63 74 7
63 75 1
63 76 5
63 77 9
63 78 3
63 79 3
63 80 4
63 81 4
63 82 8
63 83 5
63 84 5
63 85 2
63 86 10
63 87 10
63 88 8
63 89 4
63 90 10
63 91 7
63 92 6
63 93 3
63 94 5
63 95 9
63 96 2
63 97 6
63 98 7
63 99 8
64 65 10
64 66 8
64 67 8
64 68 3
64 69 7
64 70 9
64 71 6
64 72 8
64 73 7
64 74 5
64 75 5
64 76 2
64 77 6
64 78 3
64 79 3
64 80 8
64 81 9
64 82 8
64 83 4
64 84 3
64 85 2
64 86 2
64 87 10
64 88 6
64 89 6
64 90 4
64 91 2
64 92 1
64 93 2
64 94 2
64 95 3
64 96 10
64 97 7
64 98 5
64 99 5
65 66 10
65 67 6
65 68 5
65 69 10
65 70 8
65 71 1
65 72 3
65 73 4
65 74 9
65 75 9
65 76 4
65 77 9
65 78 5
65 79 1
65 80 1
65 81 5
65 82 2
65 83 2
65 84 6
65 85 3
65 86 3
65 87 7
65 88 8
65 89 9
65 90 6
65 91 5
65 92 7
65 93 10
65 94 8
65 95 3
65 96 8
65 97 4
65 98 5
65 99 6
66 67 7
66 68 4
66 69 10
66 70 8
66 71 4
66 72 2
66 73 9
66 74 7
66 75 4
66 76 5
66 77 1
66 78 7
66 79 7
66 80 9
66 81 2
66 82 2
66 83 10
66 84 5
66 85 3
66 86 1
66 87 4
66 88 4
66 89 4
66 90 9
66 91 10
66 92 9
66 93 2
66 94 7
66 95 10
66 96 7
66 97 9
66 98 10
66 99 6
67 68 6
67 69 3
67 70 2
67 71 7
67 72 10
67 73 3
67 74 10
67 75 5
67 76 3
67 77 4
67 78 9
67 79 8
67 80 7
67 81 9
67 82 2
67 83 7
67 84 2
67 85 10
67 86 7
67 87 8
67 88 3
67 89 2
67 90 5
67 91 9
67 92 4
67 93 5
67 94 9
67 95 9
67 96 5
67 97 7
67 98 10
67 99 4
68 69 6
68 70 1
68 71 5
68 72 3
68 73 5
68 74 9
68 75 3
68 76 9
68 77 8
68 78 4
68 79 10
68 80 4
68 81 1
68 82 10
68 83 4
68 84 10
68 85 6
68 86 8
68 87 6
68 88 1
68 89 4
68 90 10
68 91 9
68 92 2
68 93 9
68 94 1
68 95 8
68 96 8
68 97 7
68 98 7
68 99 9
69 70 3
69 71 7
69 72 4
69 73 1
69 74 1
69 75 1
69 76 9
69 77 9
69 78 3
69 79 1
69 80 10
69 81 7
69 82 7
69 83 1
69 84 8
69 85 1
69 86 1
69 87 4
69 88 8
69 89 10
69 90 2
69 91 5
69 92 7
69 93 9
69 94 10
69 95 2
69 96 6
69 97 6
69 98 6
69 99 8
70 71 1
70 72 6
70 73 2
70 74 1
70 75 6
70 76 5
70 77 2
70 78 7
70 79 6
70 80 7
70 81 1
70 82 4
70 83 1
70 84 7
70 85 10
70 86 5
70 87 8
70 88 1
70 89 3
70 90 7
70 91 4
70 92 7
70 93 10
70 94 8
70 95 7
70 96 10
70 97 1
70 98 4
70 99 6
71 72 2
71 73 2
71 74 7
71 75 8
71 76 5
71 77 4
71 78 8
71 79 10
71 80 2
71 81 6
71 82 3
71 83 8
71 84 6
71 85 4
71 86 8
71 87 2
71 88 1
71 89 9
71 90 7
71 91 7
71 92 6
71 93 10
71 94 3
71 95 6
71 96 6
71 97 2
71 98 1
71 99 3
72 73 4
72 74 7
72 75 7
72 76 10
72 77 8
72 78 10
72 79 2
72 80 4
72 81 7
72 82 1
72 83 6
72 84 5
72 85 8
72 86 10
72 87 4
72 88 10
72 89 7
72 90 7
72 91 9
72 92 9
72 93 4
72 94 1
72 95 3
72 96 10
72 97 10
72 98 3
72 99 4
73 74 10
73 75 7
73 76 4
73 77 8
73 78 1
73 79 1
73 80 3
73 81 8
73 82 2
73 83 2
73 84 8
73 85 6
73 86 9
73 87 8
73 88 6
73 89 4
73 90 3
73 91 1
73 92 4
73 93 5
73 94 10
73 95 9
73 96 7
73 97 7
73 98 7
73 99 6
74 75 4
74 76 5
74 77 3
74 78 6
74 79 3
74 80 3
74 81 6
74 82 8
74 83 6
74 84 10
74 85 6
74 86 10
74 87 9
74 88 5
74 89 1
74 90 2
74 91 2
74 92 7
74 93 8
74 94 6
74 95 8
74 96 3
74 97 6
74 98 6
74 99 1
75 76 8
75 77 10
75 78 4
75 79 7
75 80 1
75 81 8
75 82 4
75 83 5
75 84 10
75 85 4
75 86 3
75 87 7
75 88 3
75 89 4
75 90 1
75 91 2
75 92 10
75 93 4
75 94 7
75 95 5
75 96 2
75 97 1
75 98 6
75 99 10
76 77 2
76 78 1
76 79 10
76 80 3
76 81 10
76 82 4
76 83 2
76 84 7
76 85 5
76 86 8
76 87 7
76 88 10
76 89 4
76 90 1
76 91 9
76 92 5
76 93 9
76 94 5
76 95 10
76 96 2
76 97 9
76 98 2
76 99 5
77 78 4
77 79 8
77 80 6
77 81 9
77 82 10
77 83 2
77 84 9
77 85 7
77 86 8
77 87 5
77 88 8
77 89 4
77 90 9
77 91 6
77 92 10
77 93 5
77 94 9
77 95 7
77 96 7
77 97 3
77 98 1
77 99 3
78 79 2
78 80 4
78 81 6
78 82 2
78 83 7
78 84 5
78 85 6
78 86 4
78 87 5
78 88 4
78 89 3
78 90 8
78 91 7
78 92 10
78 93 9
78 94 7
78 95 1
78 96 1
78 97 2
78 98 8
78 99 6
79 80 9
79 81 8
79 82 2
79 83 3
79 84 8
79 85 10
79 86 1
79 87 8
79 88 9
79 89 9
79 90 1
79 91 6
79 92 9
79 93 2
79 94 9
79 95 6
79 96 2
79 97 6
79 98 7
79 99 10
80 81 8
80 82 3
80 83 4
80 84 10
80 85 6
80 86 7
80 87 7
80 88 9
80 89 2
80 90 4
80 91 3
80 92 2
80 93 9
80 94 4
80 95 9
80 96 4
80 97 7
80 98 8
80 99 6
81 82 7
81 83 5
81 84 8
81 85 8
81 86 2
81 87 4
81 88 10
81 89 5
81 90 8
81 91 4
81 92 7
81 93 1
81 94 7
81 95 4
81 96 3
81 97 6
81 98 7
81 99 4
82 83 6
82 84 1
82 85 10
82 86 3
82 87 6
82 88 9
82 89 10
82 90 9
82 91 7
82 92 8
82 93 5
82 94 10
82 95 5
82 96 5
82 97 3
82 98 8
82 99 8
83 84 7
83 85 9
83 86 2
83 87 5
83 88 7
83 89 6
83 90 5
83 91 2
83 92 4
83 93 3
83 94 4
83 95 4
83 96 10
83 97 6
83 98 10
83 99 7
84 85 7
84 86 10
84 87 4
84 88 10
84 89 8
84 90 1
84 91 4
84 92 4
84 93 10
84 94 9
84 95 8
84 96 4
84 97 10
84 98 6
84 99 3
85 86 4
85 87 10
85 88 10
85 89 4
85 90 10
85 91 5
85 92 7
85 93 4
85 94 3
85 95 4
85 96 6
85 97 9
85 98 7
85 99 10
86 87 9
86 88 6
86 89 1
86 90 7
86 91 3
86 92 9
86 93 9
86 94 10
86 95 3
86 96 3
86 97 2
86 98 6
86 99 5
87 88 7
87 89 9
87 90 10
87 91 7
87 92 6
87 93 10
87 94 4
87 95 2
87 96 6
87 97 10
87 98 4
87 99 9
88 89 7
88 90 6
88 91 2
88 92 8
88 93 4
88 94 9
88 95 5
88 96 8
88 97 10
88 98 5
88 99 7
89 90 8
89 91 8
89 92 6
89 93 4
89 94 8
89 95 10
89 96 8
89 97 10
89 98 1
89 99 8
90 91 8
90 92 7
90 93 7
90 94 9
90 95 6
90 96 3
90 97 1
90 98 10
90 99 5
91 92 8
91 93 1
91 94 3
91 95 3
91 96 9
91 97 8
91 98 10
91 99 1
92 93 2
92 94 9
92 95 6
92 96 9
92 97 7
92 98 2
92 99 3
93 94 1
93 95 5
93 96 3
93 97 10
93 98 9
93 99 2
94 95 6
94 96 3
94 97 6
94 98 6
94 99 8
95 96 4
95 97 8
95 98 4
95 99 10
96 97 3
96 98 4
96 99 5
97 98 4
97 99 9
98 99 10
